Copyright (c) James G. MacKinnon, 1999
ecmnc    10 10  7   40
 -0.66764907E+01 -0.33379857E+02 -0.85593148E-01 0.53561113E-03 0.44779070E-02
 -0.65114595E+01 -0.30055657E+02 -0.15161832E-01 -0.70699697E-02 0.36133219E-02
 -0.62831119E+01 -0.24704065E+02 0.27152712E-01 -0.96273611E-02 0.24171602E-02
 -0.61005607E+01 -0.20080551E+02 0.13977504E-01 -0.69519087E-02 0.18368091E-02
 -0.59079245E+01 -0.15953528E+02 0.16568070E-01 -0.54713216E-02 0.12913201E-02
 -0.57883324E+01 -0.13615170E+02 0.22233611E-01 -0.59146375E-02 0.10852690E-02
 -0.57010626E+01 -0.11788247E+02 0.13983845E-01 -0.43702459E-02 0.99549704E-03
 -0.56323087E+01 -0.10261090E+02 0.57727010E-02 -0.35511229E-02 0.87871035E-03
 -0.55743441E+01 -0.90371606E+01 -0.26149388E-02 -0.24445293E-02 0.82274909E-03
 -0.55241976E+01 -0.81200645E+01 -0.41863241E-02 -0.21490970E-02 0.81993573E-03
 -0.54797160E+01 -0.73221518E+01 -0.69625845E-02 -0.16128830E-02 0.76261561E-03
 -0.54399444E+01 -0.66761471E+01 -0.54252251E-02 -0.18433754E-02 0.73409445E-03
 -0.54035795E+01 -0.61494783E+01 -0.17377258E-02 -0.23480454E-02 0.70293423E-03
 -0.52601789E+01 -0.36101205E+01 -0.11962502E-01 -0.13242169E-02 0.60519238E-03
 -0.51526458E+01 -0.20105833E+01 -0.12058904E-01 -0.15562573E-02 0.53664122E-03
 -0.50658756E+01 -0.72819074E+00 -0.15327792E-01 -0.12893362E-02 0.51186462E-03
 -0.49923483E+01 0.28107753E+00 -0.15713864E-01 -0.14585297E-02 0.47160553E-03
 -0.49282238E+01 0.11346783E+01 -0.17916990E-01 -0.13003819E-02 0.44680727E-03
 -0.48716125E+01 0.19722066E+01 -0.24555558E-01 -0.56523231E-03 0.42547417E-03
 -0.48202785E+01 0.26873433E+01 -0.28979711E-01 -0.16301320E-03 0.40278752E-03
 -0.47733439E+01 0.33442334E+01 -0.33649101E-01 0.23472513E-03 0.39533234E-03
 -0.47297991E+01 0.38805802E+01 -0.35517467E-01 0.34486223E-03 0.38326903E-03
 -0.46892400E+01 0.43887608E+01 -0.37869945E-01 0.45933130E-03 0.36684794E-03
 -0.46510717E+01 0.48263252E+01 -0.38719579E-01 0.41221111E-03 0.36359667E-03
 -0.46151864E+01 0.52405031E+01 -0.40323390E-01 0.51717197E-03 0.35818028E-03
 -0.45810961E+01 0.56343813E+01 -0.42270050E-01 0.64581370E-03 0.34967016E-03
 -0.45486087E+01 0.59975906E+01 -0.44185283E-01 0.79668150E-03 0.34146422E-03
 -0.45176632E+01 0.63561663E+01 -0.46554272E-01 0.94687421E-03 0.33730502E-03
 -0.44880305E+01 0.66875625E+01 -0.48481700E-01 0.10717823E-02 0.32744383E-03
 -0.44597748E+01 0.70458283E+01 -0.52205924E-01 0.14045177E-02 0.32066114E-03
 -0.44323450E+01 0.73172002E+01 -0.52498379E-01 0.13295540E-02 0.31670129E-03
 -0.44057933E+01 0.75744299E+01 -0.53059775E-01 0.13071513E-02 0.31100725E-03
 -0.43802966E+01 0.78522957E+01 -0.55053410E-01 0.14576900E-02 0.30879314E-03
 -0.43555906E+01 0.81120153E+01 -0.56534031E-01 0.15312550E-02 0.29819742E-03
 -0.43315138E+01 0.83264488E+01 -0.56190145E-01 0.13702299E-02 0.29328687E-03
 -0.43082079E+01 0.85662617E+01 -0.57831814E-01 0.14714207E-02 0.28384726E-03
 -0.42854042E+01 0.87844247E+01 -0.59149387E-01 0.15630625E-02 0.27914647E-03
 -0.42633195E+01 0.90269022E+01 -0.61912551E-01 0.18245514E-02 0.27344933E-03
 -0.42416195E+01 0.92194755E+01 -0.62481046E-01 0.18043414E-02 0.27121831E-03
 -0.42204798E+01 0.94236738E+01 -0.64090451E-01 0.19353511E-02 0.27112875E-03
 -0.41997346E+01 0.95931834E+01 -0.64008656E-01 0.18276516E-02 0.26691883E-03
 -0.41795193E+01 0.97758211E+01 -0.64954418E-01 0.18675811E-02 0.26523101E-03
 -0.41597158E+01 0.99532016E+01 -0.66261825E-01 0.19855264E-02 0.26157050E-03
 -0.41402957E+01 0.10129040E+02 -0.67429092E-01 0.20630200E-02 0.25756449E-03
 -0.41212366E+01 0.10303259E+02 -0.68550384E-01 0.21115799E-02 0.25739570E-03
 -0.41024618E+01 0.10454156E+02 -0.69023892E-01 0.21016593E-02 0.25758180E-03
 -0.40841228E+01 0.10628894E+02 -0.70785444E-01 0.22591943E-02 0.25649305E-03
 -0.40659847E+01 0.10784251E+02 -0.71801167E-01 0.23043825E-02 0.25349281E-03
 -0.40482391E+01 0.10956337E+02 -0.73818309E-01 0.24830790E-02 0.25017289E-03
 -0.40307577E+01 0.11113661E+02 -0.75260833E-01 0.26060003E-02 0.24861250E-03
 -0.40135530E+01 0.11266230E+02 -0.76551798E-01 0.26987217E-02 0.24806778E-03
 -0.39965624E+01 0.11426855E+02 -0.78525894E-01 0.28743587E-02 0.24668513E-03
 -0.39797680E+01 0.11559161E+02 -0.79080151E-01 0.28775251E-02 0.24396794E-03
 -0.39631588E+01 0.11682946E+02 -0.79436122E-01 0.28530447E-02 0.24117168E-03
 -0.39468378E+01 0.11832573E+02 -0.81316979E-01 0.30284446E-02 0.23794578E-03
 -0.39306981E+01 0.11968832E+02 -0.82606118E-01 0.31238685E-02 0.23824643E-03
 -0.39147498E+01 0.12103120E+02 -0.83924529E-01 0.32223092E-02 0.23398262E-03
 -0.38989611E+01 0.12228531E+02 -0.84884224E-01 0.32847139E-02 0.23239130E-03
 -0.38833925E+01 0.12357677E+02 -0.86153122E-01 0.33820140E-02 0.23077805E-03
 -0.38678683E+01 0.12466520E+02 -0.86550969E-01 0.33630161E-02 0.23553198E-03
 -0.38525373E+01 0.12569938E+02 -0.86918210E-01 0.33781795E-02 0.23580905E-03
 -0.38373431E+01 0.12677475E+02 -0.87519969E-01 0.33907577E-02 0.23677897E-03
 -0.38223297E+01 0.12783750E+02 -0.88006894E-01 0.33864788E-02 0.23756775E-03
 -0.38074639E+01 0.12892253E+02 -0.88822644E-01 0.34306593E-02 0.23590735E-03
 -0.37926874E+01 0.12986466E+02 -0.88862377E-01 0.33722699E-02 0.23286451E-03
 -0.37780333E+01 0.13089164E+02 -0.89672478E-01 0.34261800E-02 0.23679810E-03
 -0.37635040E+01 0.13189803E+02 -0.90309126E-01 0.34393144E-02 0.24118075E-03
 -0.37490803E+01 0.13282125E+02 -0.90775597E-01 0.34516431E-02 0.24424595E-03
 -0.37347858E+01 0.13381665E+02 -0.91554728E-01 0.34956676E-02 0.24500221E-03
 -0.37206124E+01 0.13481550E+02 -0.92688243E-01 0.36060080E-02 0.24545274E-03
 -0.37065782E+01 0.13577370E+02 -0.93400255E-01 0.36465581E-02 0.24642846E-03
 -0.36925711E+01 0.13662205E+02 -0.93683774E-01 0.36308625E-02 0.24925274E-03
 -0.36786489E+01 0.13744493E+02 -0.93845448E-01 0.35933845E-02 0.24871313E-03
 -0.36648533E+01 0.13839375E+02 -0.94768661E-01 0.36588070E-02 0.24715382E-03
 -0.36510604E+01 0.13903233E+02 -0.94076741E-01 0.35099799E-02 0.24927099E-03
 -0.36374685E+01 0.13998423E+02 -0.95216388E-01 0.36121843E-02 0.25033864E-03
 -0.36239316E+01 0.14088069E+02 -0.96099449E-01 0.36808965E-02 0.24874621E-03
 -0.36104663E+01 0.14175586E+02 -0.96900786E-01 0.37362799E-02 0.25123526E-03
 -0.35969968E+01 0.14258475E+02 -0.97433122E-01 0.37354696E-02 0.24762387E-03
 -0.35835717E+01 0.14328675E+02 -0.97467333E-01 0.36931648E-02 0.24601914E-03
 -0.35702718E+01 0.14413065E+02 -0.98296497E-01 0.37556137E-02 0.24343503E-03
 -0.35570149E+01 0.14490343E+02 -0.98949323E-01 0.37978007E-02 0.24076386E-03
 -0.35438616E+01 0.14578327E+02 -0.10011040E+00 0.39026863E-02 0.24011188E-03
 -0.35306752E+01 0.14651141E+02 -0.10074039E+00 0.39562066E-02 0.24047841E-03
 -0.35176236E+01 0.14735260E+02 -0.10182532E+00 0.40604002E-02 0.23941846E-03
 -0.35045416E+01 0.14800126E+02 -0.10200198E+00 0.40415598E-02 0.24156959E-03
 -0.34915650E+01 0.14870632E+02 -0.10220752E+00 0.40103237E-02 0.24135010E-03
 -0.34786424E+01 0.14944916E+02 -0.10294836E+00 0.40636046E-02 0.24086429E-03
 -0.34657327E+01 0.15015314E+02 -0.10347717E+00 0.40891174E-02 0.24301534E-03
 -0.34528716E+01 0.15081701E+02 -0.10374543E+00 0.40738357E-02 0.24160836E-03
 -0.34400547E+01 0.15149977E+02 -0.10423423E+00 0.40934886E-02 0.24009758E-03
 -0.34273289E+01 0.15231393E+02 -0.10524136E+00 0.41697637E-02 0.23868668E-03
 -0.34145668E+01 0.15299736E+02 -0.10574115E+00 0.41909402E-02 0.23932776E-03
 -0.34018273E+01 0.15361923E+02 -0.10613281E+00 0.42103490E-02 0.23769089E-03
 -0.33891448E+01 0.15439030E+02 -0.10710196E+00 0.42856971E-02 0.23505448E-03
 -0.33764718E+01 0.15504839E+02 -0.10764725E+00 0.43131781E-02 0.23544952E-03
 -0.33638403E+01 0.15579951E+02 -0.10864214E+00 0.43898258E-02 0.23506845E-03
 -0.33512449E+01 0.15650644E+02 -0.10944574E+00 0.44451851E-02 0.23532997E-03
 -0.33386886E+01 0.15728415E+02 -0.11073390E+00 0.45719723E-02 0.23243972E-03
 -0.33260756E+01 0.15792616E+02 -0.11119514E+00 0.45773117E-02 0.23045710E-03
 -0.33134853E+01 0.15855278E+02 -0.11177500E+00 0.46143730E-02 0.23171346E-03
 -0.33008904E+01 0.15918177E+02 -0.11247826E+00 0.46816661E-02 0.23071788E-03
 -0.32882700E+01 0.15977607E+02 -0.11298038E+00 0.47108701E-02 0.23375483E-03
 -0.32756929E+01 0.16029720E+02 -0.11304394E+00 0.46843946E-02 0.23318281E-03
 -0.32631303E+01 0.16092321E+02 -0.11371762E+00 0.47323479E-02 0.23566202E-03
 -0.32505782E+01 0.16160728E+02 -0.11466837E+00 0.48042042E-02 0.23477370E-03
 -0.32379990E+01 0.16218280E+02 -0.11521955E+00 0.48454727E-02 0.23418466E-03
 -0.32253930E+01 0.16273829E+02 -0.11584187E+00 0.49032265E-02 0.23511684E-03
 -0.32128101E+01 0.16328108E+02 -0.11626882E+00 0.49239085E-02 0.23713541E-03
 -0.32002569E+01 0.16390514E+02 -0.11700878E+00 0.49764899E-02 0.23553629E-03
 -0.31876659E+01 0.16442564E+02 -0.11719277E+00 0.49515716E-02 0.23673204E-03
 -0.31750476E+01 0.16486559E+02 -0.11699302E+00 0.48764965E-02 0.23705686E-03
 -0.31624711E+01 0.16546740E+02 -0.11768927E+00 0.49150652E-02 0.23871719E-03
 -0.31498462E+01 0.16597875E+02 -0.11792608E+00 0.48987350E-02 0.23777093E-03
 -0.31371933E+01 0.16650997E+02 -0.11842559E+00 0.49264423E-02 0.23837733E-03
 -0.31245011E+01 0.16700574E+02 -0.11887246E+00 0.49577700E-02 0.23735963E-03
 -0.31118873E+01 0.16763466E+02 -0.11978281E+00 0.50348483E-02 0.23894058E-03
 -0.30992432E+01 0.16828488E+02 -0.12095019E+00 0.51477862E-02 0.23986533E-03
 -0.30865479E+01 0.16890270E+02 -0.12193285E+00 0.52349167E-02 0.23927490E-03
 -0.30738755E+01 0.16951231E+02 -0.12296024E+00 0.53387168E-02 0.24094853E-03
 -0.30611064E+01 0.17005536E+02 -0.12369916E+00 0.54055179E-02 0.24067445E-03
 -0.30482925E+01 0.17044653E+02 -0.12359479E+00 0.53574147E-02 0.24215622E-03
 -0.30354192E+01 0.17091664E+02 -0.12404602E+00 0.53822857E-02 0.24154184E-03
 -0.30225898E+01 0.17149246E+02 -0.12490991E+00 0.54550920E-02 0.24088141E-03
 -0.30096467E+01 0.17194077E+02 -0.12532687E+00 0.54849450E-02 0.23827611E-03
 -0.29967607E+01 0.17253887E+02 -0.12629061E+00 0.55649402E-02 0.23612569E-03
 -0.29838139E+01 0.17303260E+02 -0.12660698E+00 0.55642079E-02 0.23617395E-03
 -0.29707997E+01 0.17350155E+02 -0.12695344E+00 0.55672376E-02 0.23531658E-03
 -0.29577425E+01 0.17402946E+02 -0.12775608E+00 0.56323222E-02 0.23698532E-03
 -0.29445851E+01 0.17444526E+02 -0.12805475E+00 0.56478093E-02 0.24069709E-03
 -0.29314284E+01 0.17492674E+02 -0.12856381E+00 0.56780854E-02 0.24191583E-03
 -0.29181796E+01 0.17530881E+02 -0.12867012E+00 0.56613202E-02 0.24218540E-03
 -0.29048164E+01 0.17568535E+02 -0.12902360E+00 0.56937805E-02 0.24388376E-03
 -0.28914840E+01 0.17616692E+02 -0.12962720E+00 0.57300211E-02 0.24311464E-03
 -0.28781067E+01 0.17668099E+02 -0.13045511E+00 0.57980491E-02 0.24310927E-03
 -0.28646326E+01 0.17705183E+02 -0.13046953E+00 0.57640297E-02 0.24519144E-03
 -0.28510704E+01 0.17743317E+02 -0.13071835E+00 0.57751011E-02 0.24662647E-03
 -0.28374557E+01 0.17787827E+02 -0.13128116E+00 0.58177666E-02 0.24577751E-03
 -0.28236760E+01 0.17811324E+02 -0.13079705E+00 0.57294138E-02 0.24876884E-03
 -0.28099278E+01 0.17855446E+02 -0.13117616E+00 0.57312839E-02 0.25239403E-03
 -0.27961288E+01 0.17899157E+02 -0.13138281E+00 0.57010523E-02 0.24958871E-03
 -0.27821764E+01 0.17935508E+02 -0.13166869E+00 0.57183391E-02 0.25142687E-03
 -0.27681249E+01 0.17970279E+02 -0.13187703E+00 0.57166629E-02 0.25183888E-03
 -0.27540197E+01 0.18019224E+02 -0.13281959E+00 0.58121917E-02 0.25223345E-03
 -0.27398143E+01 0.18055947E+02 -0.13314216E+00 0.58308607E-02 0.25418423E-03
 -0.27254618E+01 0.18089058E+02 -0.13345076E+00 0.58513130E-02 0.25615146E-03
 -0.27111444E+01 0.18148811E+02 -0.13485773E+00 0.60011107E-02 0.25607867E-03
 -0.26965636E+01 0.18173662E+02 -0.13469944E+00 0.59600817E-02 0.25500514E-03
 -0.26819702E+01 0.18218473E+02 -0.13533721E+00 0.60119076E-02 0.25383847E-03
 -0.26672162E+01 0.18248897E+02 -0.13541551E+00 0.60039150E-02 0.25215042E-03
 -0.26523373E+01 0.18290409E+02 -0.13604053E+00 0.60577587E-02 0.25563322E-03
 -0.26373909E+01 0.18334792E+02 -0.13682061E+00 0.61382563E-02 0.25738444E-03
 -0.26223378E+01 0.18381019E+02 -0.13758765E+00 0.62053338E-02 0.25592180E-03
 -0.26070668E+01 0.18413261E+02 -0.13763565E+00 0.61721046E-02 0.25639159E-03
 -0.25916383E+01 0.18447173E+02 -0.13799370E+00 0.61974578E-02 0.25790634E-03
 -0.25760471E+01 0.18485927E+02 -0.13862329E+00 0.62536512E-02 0.25712387E-03
 -0.25603568E+01 0.18529579E+02 -0.13953240E+00 0.63470422E-02 0.25830106E-03
 -0.25445036E+01 0.18575350E+02 -0.14058155E+00 0.64635815E-02 0.26014870E-03
 -0.25285357E+01 0.18617822E+02 -0.14114047E+00 0.64912077E-02 0.25890156E-03
 -0.25123017E+01 0.18656757E+02 -0.14170849E+00 0.65220255E-02 0.26272942E-03
 -0.24959081E+01 0.18684387E+02 -0.14176480E+00 0.65044888E-02 0.26255160E-03
 -0.24793605E+01 0.18736262E+02 -0.14315550E+00 0.66613781E-02 0.26468579E-03
 -0.24625105E+01 0.18753649E+02 -0.14287449E+00 0.66040040E-02 0.26416609E-03
 -0.24454735E+01 0.18777741E+02 -0.14284336E+00 0.65734089E-02 0.26373535E-03
 -0.24282836E+01 0.18817432E+02 -0.14378957E+00 0.66817300E-02 0.26507367E-03
 -0.24108477E+01 0.18849854E+02 -0.14410246E+00 0.66899719E-02 0.26888585E-03
 -0.23931752E+01 0.18886125E+02 -0.14466015E+00 0.67348108E-02 0.26958516E-03
 -0.23752211E+01 0.18911172E+02 -0.14480375E+00 0.67423950E-02 0.26902238E-03
 -0.23569937E+01 0.18930379E+02 -0.14476013E+00 0.67264332E-02 0.26959923E-03
 -0.23385130E+01 0.18953780E+02 -0.14498378E+00 0.67564785E-02 0.27176263E-03
 -0.23198291E+01 0.18997030E+02 -0.14608982E+00 0.68824616E-02 0.27233668E-03
 -0.23007168E+01 0.19015136E+02 -0.14608587E+00 0.68736792E-02 0.27163025E-03
 -0.22812548E+01 0.19040510E+02 -0.14639126E+00 0.68938855E-02 0.27553986E-03
 -0.22615205E+01 0.19065917E+02 -0.14669268E+00 0.69220433E-02 0.27837367E-03
 -0.22413645E+01 0.19077926E+02 -0.14625759E+00 0.68442654E-02 0.28016213E-03
 -0.22208789E+01 0.19096036E+02 -0.14595400E+00 0.67772453E-02 0.28618566E-03
 -0.21999584E+01 0.19125103E+02 -0.14668849E+00 0.68663608E-02 0.29003676E-03
 -0.21785198E+01 0.19114426E+02 -0.14518017E+00 0.66592992E-02 0.29518294E-03
 -0.21567694E+01 0.19126898E+02 -0.14464140E+00 0.65584142E-02 0.29856015E-03
 -0.21345718E+01 0.19158985E+02 -0.14546957E+00 0.66519283E-02 0.30256649E-03
 -0.21117699E+01 0.19192285E+02 -0.14636443E+00 0.67527956E-02 0.30829269E-03
 -0.20884956E+01 0.19208029E+02 -0.14623028E+00 0.67197258E-02 0.31451375E-03
 -0.20646634E+01 0.19233514E+02 -0.14650851E+00 0.67226542E-02 0.31791218E-03
 -0.20402141E+01 0.19263500E+02 -0.14706667E+00 0.67657382E-02 0.32229081E-03
 -0.20149163E+01 0.19256580E+02 -0.14602837E+00 0.66309401E-02 0.32414548E-03
 -0.19890012E+01 0.19284619E+02 -0.14667137E+00 0.66955485E-02 0.32134681E-03
 -0.19623881E+01 0.19314143E+02 -0.14757683E+00 0.68096224E-02 0.31761443E-03
 -0.19347352E+01 0.19300474E+02 -0.14648100E+00 0.66686691E-02 0.31747385E-03
 -0.19063854E+01 0.19337787E+02 -0.14803168E+00 0.68749083E-02 0.32132455E-03
 -0.18768942E+01 0.19332893E+02 -0.14750095E+00 0.68074880E-02 0.32589891E-03
 -0.18464485E+01 0.19363756E+02 -0.14879003E+00 0.69699047E-02 0.33353704E-03
 -0.18147939E+01 0.19373225E+02 -0.14906926E+00 0.70156694E-02 0.34634162E-03
 -0.17819558E+01 0.19412699E+02 -0.15063376E+00 0.71927301E-02 0.34929385E-03
 -0.17475882E+01 0.19414974E+02 -0.14979369E+00 0.70423614E-02 0.35565407E-03
 -0.17115841E+01 0.19431238E+02 -0.14998295E+00 0.70331947E-02 0.36375473E-03
 -0.16734534E+01 0.19409441E+02 -0.14916178E+00 0.69518170E-02 0.37936231E-03
 -0.16332759E+01 0.19391738E+02 -0.14864298E+00 0.69119451E-02 0.38264101E-03
 -0.15907795E+01 0.19360117E+02 -0.14761368E+00 0.68223031E-02 0.39312256E-03
 -0.15455041E+01 0.19323940E+02 -0.14646695E+00 0.67000171E-02 0.41775069E-03
 -0.14973602E+01 0.19316334E+02 -0.14618017E+00 0.66490088E-02 0.42162700E-03
 -0.14455567E+01 0.19342215E+02 -0.14845054E+00 0.69779131E-02 0.44846931E-03
 -0.13889671E+01 0.19279169E+02 -0.14639291E+00 0.67803511E-02 0.45833733E-03
 -0.13266642E+01 0.19210802E+02 -0.14466821E+00 0.66364572E-02 0.48018103E-03
 -0.12572899E+01 0.19077599E+02 -0.14069077E+00 0.62737446E-02 0.50944234E-03
 -0.11796080E+01 0.19071440E+02 -0.14287438E+00 0.66785318E-02 0.53921150E-03
 -0.10900915E+01 0.19039648E+02 -0.14418586E+00 0.70059495E-02 0.55899213E-03
 -0.98303161E+00 0.18922777E+02 -0.14167947E+00 0.68233393E-02 0.59600276E-03
 -0.84946398E+00 0.18789680E+02 -0.14083597E+00 0.70002286E-02 0.68656279E-03
 -0.66848376E+00 0.18482832E+02 -0.13241507E+00 0.63473928E-02 0.77822524E-03
 -0.62285377E+00 0.18447595E+02 -0.13231083E+00 0.64301939E-02 0.80603926E-03
 -0.57214643E+00 0.18301182E+02 -0.12683165E+00 0.58497295E-02 0.83003782E-03
 -0.51571125E+00 0.18267882E+02 -0.12712992E+00 0.59641857E-02 0.90263144E-03
 -0.45128256E+00 0.18247822E+02 -0.12940273E+00 0.64709403E-02 0.97861042E-03
 -0.37654523E+00 0.18176803E+02 -0.12847534E+00 0.65042857E-02 0.10759524E-02
 -0.28549345E+00 0.18003509E+02 -0.12948853E+00 0.73438514E-02 0.12062849E-02
 -0.17202320E+00 0.17837747E+02 -0.12608232E+00 0.72445537E-02 0.13614011E-02
 -0.16447486E-01 0.17493949E+02 -0.11659862E+00 0.68026196E-02 0.15996736E-02
 0.24102231E+00 0.16359770E+02 -0.70268907E-01 0.20477245E-02 0.21055724E-02
 0.48514880E+00 0.15361016E+02 -0.25477548E-01 -0.21933121E-02 0.27233263E-02
 0.78826520E+00 0.15124048E+02 -0.74664558E-02 -0.35033947E-02 0.41768071E-02
 0.10102184E+01 0.14846306E+02 0.52379137E-02 -0.33238148E-02 0.54450993E-02
ecmc     10 11  5   40
 -0.69085309E+01 -0.39207671E+02 -0.10509202E+00 -0.19832813E+00 0.53646182E-02
 -0.67440663E+01 -0.35346142E+02 0.75407279E-02 -0.18294962E+00 0.40201653E-02
 -0.65262289E+01 -0.27707114E+02 -0.36515788E-01 -0.13331627E+00 0.27272609E-02
 -0.63436785E+01 -0.23368769E+02 0.37062888E-02 -0.11339036E+00 0.19856807E-02
 -0.61529149E+01 -0.18686712E+02 0.23571822E-01 -0.92440176E-01 0.15679978E-02
 -0.60368476E+01 -0.15545069E+02 0.17533690E-02 -0.75097023E-01 0.13257109E-02
 -0.59510142E+01 -0.13523744E+02 -0.85286403E-04 -0.65416815E-01 0.11419440E-02
 -0.58829677E+01 -0.11875352E+02 -0.16691212E-02 -0.59186978E-01 0.10400617E-02
 -0.58249823E+01 -0.10818711E+02 0.15009995E-01 -0.57476743E-01 0.10063533E-02
 -0.57753629E+01 -0.96866787E+01 0.64576607E-02 -0.51202428E-01 0.94187231E-03
 -0.57323228E+01 -0.85790042E+01 -0.38174448E-02 -0.46298207E-01 0.88615037E-03
 -0.56934810E+01 -0.77372216E+01 -0.50161535E-02 -0.43120147E-01 0.83029713E-03
 -0.56575280E+01 -0.71395791E+01 0.39277446E-02 -0.42433172E-01 0.78962071E-03
 -0.55164975E+01 -0.44165079E+01 0.12776655E-01 -0.35317769E-01 0.69940004E-03
 -0.54110187E+01 -0.25553802E+01 0.21183086E-01 -0.30544831E-01 0.63385117E-03
 -0.53262030E+01 -0.99180971E+00 0.21156623E-01 -0.26250424E-01 0.58221496E-03
 -0.52540971E+01 0.21505134E+00 0.21157529E-01 -0.22411444E-01 0.52821698E-03
 -0.51915231E+01 0.12822234E+01 0.21276238E-01 -0.20074204E-01 0.51344798E-03
 -0.51356836E+01 0.21144576E+01 0.28391836E-01 -0.19355518E-01 0.47962810E-03
 -0.50850412E+01 0.28993615E+01 0.29319352E-01 -0.17608288E-01 0.46255002E-03
 -0.50390885E+01 0.36564749E+01 0.25465266E-01 -0.15099466E-01 0.44745525E-03
 -0.49962447E+01 0.42752628E+01 0.28266756E-01 -0.14346353E-01 0.43903959E-03
 -0.49565091E+01 0.48199860E+01 0.31972495E-01 -0.13765484E-01 0.42288072E-03
 -0.49192629E+01 0.53471140E+01 0.33150485E-01 -0.12813739E-01 0.41675967E-03
 -0.48841277E+01 0.58607556E+01 0.32514768E-01 -0.11712325E-01 0.39830877E-03
 -0.48508865E+01 0.63223889E+01 0.33179749E-01 -0.10926841E-01 0.38295172E-03
 -0.48192670E+01 0.67540884E+01 0.33862208E-01 -0.10242297E-01 0.37220381E-03
 -0.47889659E+01 0.71704646E+01 0.33253869E-01 -0.93216074E-02 0.36071748E-03
 -0.47600655E+01 0.75874717E+01 0.30783907E-01 -0.80793924E-02 0.35957733E-03
 -0.47322983E+01 0.79233154E+01 0.34404925E-01 -0.82765009E-02 0.35766089E-03
 -0.47055290E+01 0.82892416E+01 0.33077546E-01 -0.74439631E-02 0.35455487E-03
 -0.46797416E+01 0.86291390E+01 0.32743592E-01 -0.68140395E-02 0.35790960E-03
 -0.46545227E+01 0.88956118E+01 0.35456098E-01 -0.67577114E-02 0.35941042E-03
 -0.46301834E+01 0.91666400E+01 0.36953189E-01 -0.64929820E-02 0.35266054E-03
 -0.46066603E+01 0.94412655E+01 0.38179523E-01 -0.62897623E-02 0.34569536E-03
 -0.45837960E+01 0.97298972E+01 0.36592943E-01 -0.55203166E-02 0.33969902E-03
 -0.45616102E+01 0.10000104E+02 0.36270573E-01 -0.50689069E-02 0.33221458E-03
 -0.45399860E+01 0.10248020E+02 0.36854208E-01 -0.48147046E-02 0.32660907E-03
 -0.45187656E+01 0.10475668E+02 0.37922100E-01 -0.46490652E-02 0.32492463E-03
 -0.44981121E+01 0.10707199E+02 0.39123274E-01 -0.46501998E-02 0.31919066E-03
 -0.44779267E+01 0.10914114E+02 0.41943399E-01 -0.50361496E-02 0.31448349E-03
 -0.44581333E+01 0.11118944E+02 0.43255092E-01 -0.50036650E-02 0.31061160E-03
 -0.44387653E+01 0.11342307E+02 0.42530947E-01 -0.45565124E-02 0.30423410E-03
 -0.44198401E+01 0.11554979E+02 0.43043215E-01 -0.44935858E-02 0.30282490E-03
 -0.44011590E+01 0.11740052E+02 0.43726659E-01 -0.43058293E-02 0.30406488E-03
 -0.43828090E+01 0.11935459E+02 0.43495555E-01 -0.39933106E-02 0.29916329E-03
 -0.43648453E+01 0.12118925E+02 0.44015083E-01 -0.38473507E-02 0.29434645E-03
 -0.43471629E+01 0.12316692E+02 0.42321298E-01 -0.32014514E-02 0.29206233E-03
 -0.43298613E+01 0.12530349E+02 0.40218625E-01 -0.26422727E-02 0.29032978E-03
 -0.43128399E+01 0.12730855E+02 0.38409017E-01 -0.21267851E-02 0.28656687E-03
 -0.42960443E+01 0.12914671E+02 0.37737821E-01 -0.18172457E-02 0.28420024E-03
 -0.42794173E+01 0.13075298E+02 0.38472164E-01 -0.17961487E-02 0.28442106E-03
 -0.42631026E+01 0.13243894E+02 0.38437130E-01 -0.16453771E-02 0.28327338E-03
 -0.42468984E+01 0.13384197E+02 0.39949831E-01 -0.17588430E-02 0.28270224E-03
 -0.42309446E+01 0.13554357E+02 0.38450654E-01 -0.12652594E-02 0.28500238E-03
 -0.42152146E+01 0.13722985E+02 0.37893321E-01 -0.10783227E-02 0.28427413E-03
 -0.41996361E+01 0.13878799E+02 0.37582216E-01 -0.87834896E-03 0.28257997E-03
 -0.41841755E+01 0.14012212E+02 0.38253173E-01 -0.82703697E-03 0.28349005E-03
 -0.41689597E+01 0.14151436E+02 0.38692924E-01 -0.81252297E-03 0.28497817E-03
 -0.41539072E+01 0.14292043E+02 0.38590476E-01 -0.62278559E-03 0.28604809E-03
 -0.41389843E+01 0.14444353E+02 0.37679917E-01 -0.36279506E-03 0.28113671E-03
 -0.41242692E+01 0.14592054E+02 0.36658430E-01 -0.23494027E-04 0.28566351E-03
 -0.41096448E+01 0.14716896E+02 0.37791394E-01 -0.19931061E-03 0.28541356E-03
 -0.40952626E+01 0.14867239E+02 0.36958101E-01 0.10414878E-05 0.28526600E-03
 -0.40808526E+01 0.14981270E+02 0.37941904E-01 -0.88666571E-04 0.28405232E-03
 -0.40664833E+01 0.15070048E+02 0.40500417E-01 -0.47247837E-03 0.28341251E-03
 -0.40523814E+01 0.15190108E+02 0.41074060E-01 -0.53976674E-03 0.28557285E-03
 -0.40383764E+01 0.15304108E+02 0.41756196E-01 -0.60335626E-03 0.28132434E-03
 -0.40245525E+01 0.15436377E+02 0.41354111E-01 -0.50217544E-03 0.27733910E-03
 -0.40108012E+01 0.15561424E+02 0.41073490E-01 -0.39565726E-03 0.27415122E-03
 -0.39971829E+01 0.15701656E+02 0.39248466E-01 0.37097622E-04 0.27322921E-03
 -0.39836138E+01 0.15822293E+02 0.38929286E-01 0.15068074E-03 0.27649046E-03
 -0.39700885E+01 0.15930397E+02 0.38890893E-01 0.26552974E-03 0.27790228E-03
 -0.39566931E+01 0.16052669E+02 0.37890158E-01 0.57210012E-03 0.27797167E-03
 -0.39433339E+01 0.16164952E+02 0.37808739E-01 0.63255270E-03 0.28127515E-03
 -0.39300759E+01 0.16264043E+02 0.38867869E-01 0.42293361E-03 0.28206889E-03
 -0.39169175E+01 0.16380460E+02 0.37998497E-01 0.65737432E-03 0.28412098E-03
 -0.39037458E+01 0.16463223E+02 0.39598231E-01 0.38875271E-03 0.28579001E-03
 -0.38907047E+01 0.16567454E+02 0.39629080E-01 0.42991058E-03 0.28627854E-03
 -0.38777190E+01 0.16666825E+02 0.39990558E-01 0.39959597E-03 0.28245947E-03
 -0.38647869E+01 0.16761584E+02 0.40586870E-01 0.31630929E-03 0.28381501E-03
 -0.38519276E+01 0.16855876E+02 0.40943299E-01 0.28348585E-03 0.28135442E-03
 -0.38390938E+01 0.16942452E+02 0.41941703E-01 0.10353286E-03 0.28242696E-03
 -0.38263443E+01 0.17033411E+02 0.42517954E-01 0.13302172E-04 0.28398674E-03
 -0.38136218E+01 0.17123973E+02 0.43044037E-01 -0.70661823E-04 0.28138395E-03
 -0.38009196E+01 0.17193910E+02 0.44723131E-01 -0.33918343E-03 0.28108897E-03
 -0.37882741E+01 0.17271058E+02 0.45888326E-01 -0.50672387E-03 0.27918771E-03
 -0.37757470E+01 0.17376323E+02 0.44932621E-01 -0.27319244E-03 0.27574342E-03
 -0.37632391E+01 0.17485647E+02 0.43446471E-01 0.53983551E-04 0.27447356E-03
 -0.37507495E+01 0.17563413E+02 0.44569972E-01 -0.16530626E-03 0.27604952E-03
 -0.37383241E+01 0.17665267E+02 0.43647627E-01 0.13522905E-04 0.27387902E-03
 -0.37258918E+01 0.17754093E+02 0.43318687E-01 0.13565859E-03 0.27528684E-03
 -0.37135978E+01 0.17862784E+02 0.41776528E-01 0.46014600E-03 0.27616952E-03
 -0.37012585E+01 0.17958019E+02 0.41343093E-01 0.53255792E-03 0.27839689E-03
 -0.36889300E+01 0.18025700E+02 0.42959239E-01 0.22038395E-03 0.28010005E-03
 -0.36766659E+01 0.18129386E+02 0.41394331E-01 0.55727022E-03 0.28149627E-03
 -0.36643708E+01 0.18209038E+02 0.41631248E-01 0.54342194E-03 0.27877508E-03
 -0.36521362E+01 0.18303404E+02 0.40605560E-01 0.76256478E-03 0.27918226E-03
 -0.36399633E+01 0.18411433E+02 0.38552276E-01 0.11799832E-02 0.27669573E-03
 -0.36277966E+01 0.18507572E+02 0.37826167E-01 0.12711757E-02 0.27360537E-03
 -0.36155963E+01 0.18590177E+02 0.37786746E-01 0.12752468E-02 0.27243763E-03
 -0.36033793E+01 0.18662799E+02 0.38152252E-01 0.12318835E-02 0.27209093E-03
 -0.35911859E+01 0.18744934E+02 0.37869183E-01 0.12979994E-02 0.27141181E-03
 -0.35790176E+01 0.18831186E+02 0.36665238E-01 0.16072912E-02 0.26730823E-03
 -0.35668482E+01 0.18904048E+02 0.36930566E-01 0.15642849E-02 0.26829330E-03
 -0.35546156E+01 0.18974121E+02 0.36751771E-01 0.16526559E-02 0.26297725E-03
 -0.35424542E+01 0.19054989E+02 0.36628761E-01 0.16608287E-02 0.26558064E-03
 -0.35301872E+01 0.19102752E+02 0.38084907E-01 0.14469772E-02 0.26379450E-03
 -0.35180531E+01 0.19194671E+02 0.36728526E-01 0.17062650E-02 0.26583552E-03
 -0.35058493E+01 0.19259177E+02 0.37413922E-01 0.15661771E-02 0.26965664E-03
 -0.34936597E+01 0.19331536E+02 0.37302576E-01 0.16092186E-02 0.27150947E-03
 -0.34814252E+01 0.19391276E+02 0.38252038E-01 0.14070512E-02 0.27246352E-03
 -0.34692390E+01 0.19471330E+02 0.37794941E-01 0.14745247E-02 0.27407212E-03
 -0.34570146E+01 0.19535306E+02 0.38166983E-01 0.14301341E-02 0.27550988E-03
 -0.34448265E+01 0.19619774E+02 0.37278153E-01 0.15718234E-02 0.27306673E-03
 -0.34326342E+01 0.19707369E+02 0.36059520E-01 0.17839901E-02 0.27240587E-03
 -0.34204206E+01 0.19782601E+02 0.35883686E-01 0.17710276E-02 0.27233653E-03
 -0.34081558E+01 0.19850970E+02 0.35783741E-01 0.18075960E-02 0.27170947E-03
 -0.33958309E+01 0.19906939E+02 0.36382194E-01 0.17447025E-02 0.27128562E-03
 -0.33834655E+01 0.19958014E+02 0.37635605E-01 0.15125420E-02 0.27252775E-03
 -0.33711390E+01 0.20037014E+02 0.36948799E-01 0.15908183E-02 0.27544836E-03
 -0.33587830E+01 0.20106419E+02 0.36896837E-01 0.15692327E-02 0.27438386E-03
 -0.33464606E+01 0.20185279E+02 0.36223555E-01 0.16745831E-02 0.27411970E-03
 -0.33340602E+01 0.20252708E+02 0.36403099E-01 0.16158838E-02 0.27269385E-03
 -0.33215834E+01 0.20320062E+02 0.36163535E-01 0.16577337E-02 0.27186978E-03
 -0.33091514E+01 0.20398747E+02 0.35569760E-01 0.17178037E-02 0.27262627E-03
 -0.32966019E+01 0.20455714E+02 0.36193820E-01 0.15890105E-02 0.27317061E-03
 -0.32839980E+01 0.20505704E+02 0.37510258E-01 0.12944559E-02 0.27220506E-03
 -0.32714141E+01 0.20584515E+02 0.36848946E-01 0.13225737E-02 0.27088814E-03
 -0.32586800E+01 0.20642152E+02 0.36888265E-01 0.13205198E-02 0.27606690E-03
 -0.32459024E+01 0.20691971E+02 0.37833158E-01 0.11008172E-02 0.27514497E-03
 -0.32332029E+01 0.20779525E+02 0.36173790E-01 0.13865600E-02 0.27631780E-03
 -0.32203799E+01 0.20848521E+02 0.35703451E-01 0.14359186E-02 0.27500827E-03
 -0.32075428E+01 0.20916503E+02 0.35535796E-01 0.14086084E-02 0.27630101E-03
 -0.31946446E+01 0.20997958E+02 0.34014515E-01 0.16576908E-02 0.27646814E-03
 -0.31816563E+01 0.21070695E+02 0.33069973E-01 0.18067125E-02 0.27471817E-03
 -0.31685597E+01 0.21126054E+02 0.33226979E-01 0.17702057E-02 0.27714373E-03
 -0.31554008E+01 0.21181406E+02 0.33500413E-01 0.17016501E-02 0.27903930E-03
 -0.31421756E+01 0.21229296E+02 0.34259660E-01 0.15589665E-02 0.28093082E-03
 -0.31289362E+01 0.21311427E+02 0.32434095E-01 0.19021253E-02 0.27963089E-03
 -0.31155850E+01 0.21370101E+02 0.32569545E-01 0.18367442E-02 0.27983142E-03
 -0.31022099E+01 0.21450690E+02 0.31086752E-01 0.20739351E-02 0.28469421E-03
 -0.30887212E+01 0.21528472E+02 0.29554431E-01 0.23437597E-02 0.28551332E-03
 -0.30751535E+01 0.21597508E+02 0.28997401E-01 0.23648981E-02 0.28584918E-03
 -0.30614889E+01 0.21654475E+02 0.29199334E-01 0.22711571E-02 0.28635455E-03
 -0.30477611E+01 0.21731825E+02 0.27377839E-01 0.26594270E-02 0.28702569E-03
 -0.30338681E+01 0.21776212E+02 0.28482335E-01 0.23946171E-02 0.28727859E-03
 -0.30198978E+01 0.21846744E+02 0.27158904E-01 0.26393383E-02 0.28827893E-03
 -0.30058399E+01 0.21920665E+02 0.25915882E-01 0.28170780E-02 0.29159089E-03
 -0.29916468E+01 0.21971845E+02 0.26420197E-01 0.26642879E-02 0.29007989E-03
 -0.29773309E+01 0.22034245E+02 0.25361124E-01 0.29159102E-02 0.29479566E-03
 -0.29629521E+01 0.22106501E+02 0.24796309E-01 0.29073593E-02 0.29552049E-03
 -0.29483481E+01 0.22157044E+02 0.24966753E-01 0.28344892E-02 0.29843633E-03
 -0.29336282E+01 0.22206458E+02 0.25209239E-01 0.27773124E-02 0.29887432E-03
 -0.29188264E+01 0.22272614E+02 0.24586408E-01 0.28473658E-02 0.29955254E-03
 -0.29038611E+01 0.22325141E+02 0.24751492E-01 0.27615259E-02 0.30098390E-03
 -0.28887752E+01 0.22395297E+02 0.23333612E-01 0.30369559E-02 0.30421395E-03
 -0.28735124E+01 0.22444409E+02 0.24057513E-01 0.28145088E-02 0.30102429E-03
 -0.28580736E+01 0.22495333E+02 0.23993367E-01 0.28279998E-02 0.30520409E-03
 -0.28425000E+01 0.22546137E+02 0.24266551E-01 0.27242751E-02 0.30692553E-03
 -0.28267217E+01 0.22606349E+02 0.23971574E-01 0.27113466E-02 0.30779320E-03
 -0.28108302E+01 0.22670603E+02 0.23325560E-01 0.28012102E-02 0.31040900E-03
 -0.27946936E+01 0.22726583E+02 0.23321732E-01 0.27343687E-02 0.31471998E-03
 -0.27783567E+01 0.22792518E+02 0.22377141E-01 0.28677598E-02 0.31246890E-03
 -0.27618260E+01 0.22864575E+02 0.20867890E-01 0.31185642E-02 0.31332529E-03
 -0.27451035E+01 0.22924182E+02 0.20739898E-01 0.30766736E-02 0.31551939E-03
 -0.27281490E+01 0.22984349E+02 0.20685748E-01 0.30284655E-02 0.31688143E-03
 -0.27109976E+01 0.23072125E+02 0.18216233E-01 0.34391434E-02 0.31964955E-03
 -0.26935141E+01 0.23118355E+02 0.18614045E-01 0.33156617E-02 0.31713634E-03
 -0.26757387E+01 0.23164402E+02 0.19101605E-01 0.31513654E-02 0.32073818E-03
 -0.26577958E+01 0.23237086E+02 0.17669934E-01 0.33429339E-02 0.32026180E-03
 -0.26394686E+01 0.23283511E+02 0.18138462E-01 0.31794939E-02 0.32405309E-03
 -0.26208446E+01 0.23327812E+02 0.18178341E-01 0.31877776E-02 0.32725220E-03
 -0.26019461E+01 0.23382081E+02 0.18051521E-01 0.31625739E-02 0.33273872E-03
 -0.25827271E+01 0.23441984E+02 0.17982606E-01 0.30428970E-02 0.33610240E-03
 -0.25631456E+01 0.23522316E+02 0.15182909E-01 0.35933456E-02 0.33741187E-03
 -0.25431089E+01 0.23573659E+02 0.15214956E-01 0.35130296E-02 0.34207149E-03
 -0.25228008E+01 0.23665490E+02 0.12475734E-01 0.39712212E-02 0.33950919E-03
 -0.25019292E+01 0.23712266E+02 0.12187981E-01 0.40256302E-02 0.34070765E-03
 -0.24806963E+01 0.23790230E+02 0.97872296E-02 0.44773670E-02 0.34074701E-03
 -0.24588906E+01 0.23825787E+02 0.11044117E-01 0.41888853E-02 0.34334050E-03
 -0.24365504E+01 0.23876403E+02 0.10671301E-01 0.42220893E-02 0.34273806E-03
 -0.24136377E+01 0.23898471E+02 0.12835664E-01 0.37683614E-02 0.34998713E-03
 -0.23900714E+01 0.23904552E+02 0.15702808E-01 0.32110181E-02 0.35776398E-03
 -0.23660600E+01 0.23970744E+02 0.14343031E-01 0.34485067E-02 0.36141617E-03
 -0.23413727E+01 0.24032400E+02 0.13856677E-01 0.34229936E-02 0.36247390E-03
 -0.23158972E+01 0.24087308E+02 0.13726052E-01 0.33886864E-02 0.36784707E-03
 -0.22896963E+01 0.24139300E+02 0.13313256E-01 0.35076207E-02 0.36897411E-03
 -0.22625383E+01 0.24175213E+02 0.14377069E-01 0.32230452E-02 0.37380913E-03
 -0.22346343E+01 0.24260518E+02 0.12202657E-01 0.35561630E-02 0.38428219E-03
 -0.22055666E+01 0.24326067E+02 0.10448462E-01 0.39135899E-02 0.38816395E-03
 -0.21754279E+01 0.24413982E+02 0.76205241E-02 0.44200158E-02 0.39631579E-03
 -0.21439904E+01 0.24472329E+02 0.77112042E-02 0.42525175E-02 0.40089493E-03
 -0.21109455E+01 0.24478911E+02 0.10672750E-01 0.36247666E-02 0.40889139E-03
 -0.20764419E+01 0.24501268E+02 0.11651411E-01 0.35568204E-02 0.42354775E-03
 -0.20402915E+01 0.24542587E+02 0.11571557E-01 0.36270716E-02 0.43556716E-03
 -0.20023683E+01 0.24637852E+02 0.88364419E-02 0.40301440E-02 0.44072043E-03
 -0.19620254E+01 0.24702662E+02 0.73963272E-02 0.42768920E-02 0.44938732E-03
 -0.19192199E+01 0.24723385E+02 0.10559044E-01 0.34944299E-02 0.45928159E-03
 -0.18734069E+01 0.24765229E+02 0.11115444E-01 0.34129125E-02 0.47064295E-03
 -0.18239495E+01 0.24794167E+02 0.12941392E-01 0.30503681E-02 0.49713730E-03
 -0.17704800E+01 0.24899648E+02 0.83447504E-02 0.39641278E-02 0.50638475E-03
 -0.17114507E+01 0.24890816E+02 0.11977313E-01 0.32996404E-02 0.53064572E-03
 -0.16463197E+01 0.24997875E+02 0.68798717E-02 0.44021590E-02 0.54913466E-03
 -0.15726622E+01 0.25093733E+02 0.32404957E-02 0.50649800E-02 0.59157670E-03
 -0.14881152E+01 0.25227565E+02 -0.24001648E-02 0.61907881E-02 0.63395019E-03
 -0.13873341E+01 0.25381636E+02 -0.96540491E-02 0.76545009E-02 0.68490513E-03
 -0.12609356E+01 0.25219674E+02 0.44112812E-02 0.55628834E-02 0.76578872E-03
 -0.10911504E+01 0.25228294E+02 0.86556525E-02 0.52899369E-02 0.86873692E-03
 -0.10485166E+01 0.25347320E+02 0.28896028E-03 0.69927407E-02 0.89143561E-03
 -0.10014642E+01 0.25459180E+02 -0.60398648E-02 0.82163783E-02 0.92124237E-03
 -0.94825370E+00 0.25306064E+02 0.55509138E-02 0.65307554E-02 0.99404194E-03
 -0.88757705E+00 0.25147874E+02 0.12727962E-01 0.64937791E-02 0.10375186E-02
 -0.81785748E+00 0.25213189E+02 0.10258159E-01 0.71741280E-02 0.11178751E-02
 -0.73463577E+00 0.25308034E+02 -0.83518676E-03 0.11210696E-01 0.12311642E-02
 -0.62772357E+00 0.24869220E+02 0.24136839E-01 0.85730709E-02 0.13596815E-02
 -0.48437499E+00 0.25482566E+02 -0.18901452E-01 0.18129557E-01 0.17005888E-02
 -0.24571302E+00 0.24929880E+02 0.23137532E-01 0.13915078E-01 0.23432776E-02
 -0.19458744E-01 0.24133044E+02 0.85377787E-01 0.67338884E-02 0.29159215E-02
 0.26157035E+00 0.23645446E+02 0.10954821E+00 0.12827518E-01 0.40647773E-02
 0.47272072E+00 0.22077129E+02 0.21669862E+00 -0.78066636E-03 0.57069958E-02
ecmct    10 12  5   40
 -0.71367079E+01 -0.43700934E+02 -0.29077947E-01 -0.21929162E+00 0.56329002E-02
 -0.69762377E+01 -0.40012745E+02 0.13867678E+00 -0.21740147E+00 0.45331519E-02
 -0.67578595E+01 -0.32438114E+02 0.12465352E+00 -0.17365074E+00 0.27125170E-02
 -0.65819135E+01 -0.26698886E+02 0.94171201E-01 -0.13770594E+00 0.18774094E-02
 -0.63961621E+01 -0.20871647E+02 0.62225982E-01 -0.10646463E+00 0.14513564E-02
 -0.62816002E+01 -0.17544397E+02 0.40196960E-01 -0.88474585E-01 0.12895576E-02
 -0.61966631E+01 -0.15277552E+02 0.19976150E-01 -0.73440184E-01 0.11278554E-02
 -0.61292644E+01 -0.13532845E+02 0.16708299E-01 -0.66159616E-01 0.10406636E-02
 -0.60727195E+01 -0.12223516E+02 0.22284297E-01 -0.61871916E-01 0.95793789E-03
 -0.60237260E+01 -0.11119458E+02 0.23400235E-01 -0.57578473E-01 0.92075233E-03
 -0.59810243E+01 -0.10133649E+02 0.25536958E-01 -0.54211379E-01 0.86953289E-03
 -0.59427442E+01 -0.92347663E+01 0.23126247E-01 -0.50494243E-01 0.82642991E-03
 -0.59078322E+01 -0.85725659E+01 0.36252962E-01 -0.50821795E-01 0.80934765E-03
 -0.57684151E+01 -0.54803619E+01 0.20390687E-01 -0.36770292E-01 0.66632251E-03
 -0.56648430E+01 -0.33837562E+01 0.25457853E-01 -0.31748332E-01 0.62012128E-03
 -0.55810036E+01 -0.17519489E+01 0.27091150E-01 -0.27731706E-01 0.57011676E-03
 -0.55103612E+01 -0.46047907E+00 0.33396612E-01 -0.25505901E-01 0.55059703E-03
 -0.54487222E+01 0.65932564E+00 0.36114785E-01 -0.23326633E-01 0.50105651E-03
 -0.53939777E+01 0.17287455E+01 0.28599520E-01 -0.19473094E-01 0.47029117E-03
 -0.53442867E+01 0.25290451E+01 0.34014342E-01 -0.18470586E-01 0.45284072E-03
 -0.52987572E+01 0.32759998E+01 0.34990456E-01 -0.16723085E-01 0.42482776E-03
 -0.52568295E+01 0.40167840E+01 0.32843038E-01 -0.14898120E-01 0.42027651E-03
 -0.52177988E+01 0.46558845E+01 0.33251344E-01 -0.13594534E-01 0.40965005E-03
 -0.51812720E+01 0.52364976E+01 0.34349023E-01 -0.12688196E-01 0.40303204E-03
 -0.51464479E+01 0.56895014E+01 0.41244856E-01 -0.12996147E-01 0.39036210E-03
 -0.51136467E+01 0.61744215E+01 0.41799336E-01 -0.11940156E-01 0.39314522E-03
 -0.50825790E+01 0.66768956E+01 0.40099590E-01 -0.10791478E-01 0.37838167E-03
 -0.50529819E+01 0.71868021E+01 0.36126454E-01 -0.93447266E-02 0.36789707E-03
 -0.50244461E+01 0.76150667E+01 0.35662332E-01 -0.85452174E-02 0.36606985E-03
 -0.49970433E+01 0.79926883E+01 0.37429423E-01 -0.82175089E-02 0.36011912E-03
 -0.49707884E+01 0.83941542E+01 0.36427188E-01 -0.75197055E-02 0.35453681E-03
 -0.49453032E+01 0.87061749E+01 0.39842629E-01 -0.75547288E-02 0.35941229E-03
 -0.49207535E+01 0.90267404E+01 0.41558158E-01 -0.72307495E-02 0.35016124E-03
 -0.48971644E+01 0.94003369E+01 0.39715966E-01 -0.65167736E-02 0.34615467E-03
 -0.48741297E+01 0.97081469E+01 0.40415873E-01 -0.61210753E-02 0.34070317E-03
 -0.48517711E+01 0.10018885E+02 0.40127722E-01 -0.56530806E-02 0.33649519E-03
 -0.48298753E+01 0.10272978E+02 0.42560846E-01 -0.56450705E-02 0.33105110E-03
 -0.48086710E+01 0.10577789E+02 0.40347756E-01 -0.47399532E-02 0.32214989E-03
 -0.47879716E+01 0.10856865E+02 0.40162173E-01 -0.43580318E-02 0.31887061E-03
 -0.47677768E+01 0.11130836E+02 0.39741146E-01 -0.39624826E-02 0.32143823E-03
 -0.47480002E+01 0.11368963E+02 0.41251724E-01 -0.39486339E-02 0.31766634E-03
 -0.47287375E+01 0.11646770E+02 0.39458439E-01 -0.33436562E-02 0.31378769E-03
 -0.47097359E+01 0.11859004E+02 0.41922340E-01 -0.35713315E-02 0.30974230E-03
 -0.46912139E+01 0.12102436E+02 0.41055534E-01 -0.30988042E-02 0.30753171E-03
 -0.46730002E+01 0.12325163E+02 0.41397094E-01 -0.28757129E-02 0.30475295E-03
 -0.46550419E+01 0.12516880E+02 0.43474212E-01 -0.30439425E-02 0.30157605E-03
 -0.46373635E+01 0.12702819E+02 0.45175578E-01 -0.30746197E-02 0.29641514E-03
 -0.46199676E+01 0.12887772E+02 0.46704630E-01 -0.31342443E-02 0.29583375E-03
 -0.46028676E+01 0.13070773E+02 0.48148046E-01 -0.32281184E-02 0.29597524E-03
 -0.45861162E+01 0.13274785E+02 0.47735466E-01 -0.29524102E-02 0.29199891E-03
 -0.45696172E+01 0.13464757E+02 0.48257707E-01 -0.28828834E-02 0.29100133E-03
 -0.45533429E+01 0.13649471E+02 0.48711889E-01 -0.28283395E-02 0.28974648E-03
 -0.45373492E+01 0.13857156E+02 0.47011194E-01 -0.23286502E-02 0.28955029E-03
 -0.45214889E+01 0.14039681E+02 0.46870662E-01 -0.21668189E-02 0.29036570E-03
 -0.45058474E+01 0.14208386E+02 0.47182010E-01 -0.20411453E-02 0.29063599E-03
 -0.44904128E+01 0.14393021E+02 0.46026151E-01 -0.16419471E-02 0.29244420E-03
 -0.44751325E+01 0.14559167E+02 0.45648917E-01 -0.13414454E-02 0.29533405E-03
 -0.44600364E+01 0.14726850E+02 0.45383584E-01 -0.11501023E-02 0.28918879E-03
 -0.44451113E+01 0.14879633E+02 0.46243126E-01 -0.11928566E-02 0.29002962E-03
 -0.44302965E+01 0.15010752E+02 0.48321035E-01 -0.15052650E-02 0.29049516E-03
 -0.44157081E+01 0.15163911E+02 0.48745331E-01 -0.15094400E-02 0.28692975E-03
 -0.44012761E+01 0.15315184E+02 0.48872208E-01 -0.14144567E-02 0.28506035E-03
 -0.43869884E+01 0.15481016E+02 0.47822400E-01 -0.11232771E-02 0.28613279E-03
 -0.43727758E+01 0.15622815E+02 0.48270640E-01 -0.11093262E-02 0.28547718E-03
 -0.43587224E+01 0.15774024E+02 0.47932022E-01 -0.96775365E-03 0.28425580E-03
 -0.43448139E+01 0.15934692E+02 0.46616045E-01 -0.65453562E-03 0.28098476E-03
 -0.43310109E+01 0.16082241E+02 0.46105871E-01 -0.47185044E-03 0.28001826E-03
 -0.43173278E+01 0.16233878E+02 0.44912512E-01 -0.13907493E-03 0.28008234E-03
 -0.43037440E+01 0.16375996E+02 0.44649356E-01 -0.31903378E-04 0.28121534E-03
 -0.42903587E+01 0.16539153E+02 0.42583556E-01 0.41686909E-03 0.28144878E-03
 -0.42769733E+01 0.16683664E+02 0.41779924E-01 0.63688702E-03 0.28167534E-03
 -0.42636769E+01 0.16818467E+02 0.41241351E-01 0.84295522E-03 0.27904484E-03
 -0.42504730E+01 0.16950279E+02 0.40874336E-01 0.10037181E-02 0.27773996E-03
 -0.42373799E+01 0.17078142E+02 0.40808638E-01 0.11061187E-02 0.27572158E-03
 -0.42243393E+01 0.17207908E+02 0.40193033E-01 0.13115802E-02 0.27364935E-03
 -0.42114275E+01 0.17349957E+02 0.38912983E-01 0.16256463E-02 0.27133461E-03
 -0.41985943E+01 0.17489153E+02 0.37831939E-01 0.18457887E-02 0.27117569E-03
 -0.41857483E+01 0.17606620E+02 0.37913360E-01 0.18669689E-02 0.27183666E-03
 -0.41729725E+01 0.17723227E+02 0.37724298E-01 0.19799882E-02 0.27110009E-03
 -0.41603104E+01 0.17841475E+02 0.37980144E-01 0.19242107E-02 0.26891520E-03
 -0.41476574E+01 0.17943442E+02 0.39035182E-01 0.17685920E-02 0.27048478E-03
 -0.41351328E+01 0.18074693E+02 0.37686408E-01 0.20649390E-02 0.26855767E-03
 -0.41226182E+01 0.18188739E+02 0.37756786E-01 0.20563650E-02 0.26783290E-03
 -0.41101683E+01 0.18302114E+02 0.37612597E-01 0.21197174E-02 0.26617011E-03
 -0.40977623E+01 0.18401627E+02 0.38624779E-01 0.19384810E-02 0.26614808E-03
 -0.40853555E+01 0.18481459E+02 0.40721867E-01 0.15899523E-02 0.26445642E-03
 -0.40729623E+01 0.18564673E+02 0.42380809E-01 0.13097114E-02 0.26381557E-03
 -0.40607133E+01 0.18682234E+02 0.41778927E-01 0.13942453E-02 0.26407787E-03
 -0.40484977E+01 0.18788757E+02 0.41883449E-01 0.13816488E-02 0.26561928E-03
 -0.40363429E+01 0.18906081E+02 0.40769247E-01 0.16539766E-02 0.26541397E-03
 -0.40242016E+01 0.19010724E+02 0.40837381E-01 0.16497395E-02 0.26463363E-03
 -0.40120873E+01 0.19113035E+02 0.41112761E-01 0.16003386E-02 0.26757165E-03
 -0.39999994E+01 0.19213723E+02 0.40803243E-01 0.17428159E-02 0.26932175E-03
 -0.39879615E+01 0.19326722E+02 0.39909012E-01 0.19153155E-02 0.26766192E-03
 -0.39759298E+01 0.19424681E+02 0.39949235E-01 0.19243834E-02 0.27045524E-03
 -0.39639431E+01 0.19518039E+02 0.40687684E-01 0.17532493E-02 0.27186161E-03
 -0.39519747E+01 0.19627706E+02 0.39594986E-01 0.19920298E-02 0.27201130E-03
 -0.39400179E+01 0.19735525E+02 0.38547588E-01 0.22258134E-02 0.27537445E-03
 -0.39280356E+01 0.19812815E+02 0.39955782E-01 0.19548513E-02 0.27402227E-03
 -0.39161022E+01 0.19913209E+02 0.39751649E-01 0.19778588E-02 0.27157249E-03
 -0.39042008E+01 0.20013132E+02 0.39265033E-01 0.20945337E-02 0.26823243E-03
 -0.38923297E+01 0.20125326E+02 0.37575003E-01 0.24094007E-02 0.26817629E-03
 -0.38803893E+01 0.20204098E+02 0.38169012E-01 0.23361828E-02 0.26548141E-03
 -0.38685531E+01 0.20313218E+02 0.36501110E-01 0.26944244E-02 0.26497064E-03
 -0.38566896E+01 0.20410305E+02 0.36047599E-01 0.27827218E-02 0.26328889E-03
 -0.38448399E+01 0.20508136E+02 0.35847339E-01 0.27650907E-02 0.26370617E-03
 -0.38329278E+01 0.20596392E+02 0.35935213E-01 0.27432519E-02 0.26531749E-03
 -0.38210268E+01 0.20682398E+02 0.36029576E-01 0.27254284E-02 0.26471469E-03
 -0.38091830E+01 0.20774635E+02 0.36128341E-01 0.26350077E-02 0.26597902E-03
 -0.37972134E+01 0.20839702E+02 0.37335785E-01 0.24592633E-02 0.26707424E-03
 -0.37853161E+01 0.20931632E+02 0.36611168E-01 0.26172548E-02 0.26535537E-03
 -0.37735054E+01 0.21042945E+02 0.34981263E-01 0.28955902E-02 0.26248161E-03
 -0.37615879E+01 0.21126806E+02 0.34787906E-01 0.29589096E-02 0.26062331E-03
 -0.37496820E+01 0.21219348E+02 0.34051652E-01 0.31222117E-02 0.26372424E-03
 -0.37377397E+01 0.21289945E+02 0.34971901E-01 0.29656879E-02 0.26368156E-03
 -0.37258414E+01 0.21384699E+02 0.34200455E-01 0.30925782E-02 0.26445145E-03
 -0.37139399E+01 0.21472193E+02 0.34039814E-01 0.30863089E-02 0.26379187E-03
 -0.37019860E+01 0.21550809E+02 0.34652055E-01 0.29246012E-02 0.26326409E-03
 -0.36899615E+01 0.21623379E+02 0.35179045E-01 0.28439122E-02 0.26616662E-03
 -0.36779251E+01 0.21714486E+02 0.34483445E-01 0.29414813E-02 0.26467863E-03
 -0.36658543E+01 0.21788996E+02 0.34507462E-01 0.29709380E-02 0.26507386E-03
 -0.36537797E+01 0.21869548E+02 0.34273200E-01 0.30231781E-02 0.26522302E-03
 -0.36416851E+01 0.21955241E+02 0.33521141E-01 0.31712704E-02 0.26446670E-03
 -0.36295337E+01 0.22019739E+02 0.34582607E-01 0.29678447E-02 0.26468844E-03
 -0.36173713E+01 0.22100284E+02 0.34388631E-01 0.29999027E-02 0.26454282E-03
 -0.36051245E+01 0.22166591E+02 0.35241672E-01 0.28092564E-02 0.26714363E-03
 -0.35929753E+01 0.22263725E+02 0.34432096E-01 0.28698986E-02 0.26789905E-03
 -0.35806751E+01 0.22337977E+02 0.34392787E-01 0.28996331E-02 0.27015268E-03
 -0.35683968E+01 0.22428346E+02 0.33489360E-01 0.30312828E-02 0.27154158E-03
 -0.35560592E+01 0.22511901E+02 0.32776371E-01 0.31597726E-02 0.27399785E-03
 -0.35436539E+01 0.22593051E+02 0.32293355E-01 0.32180120E-02 0.27289986E-03
 -0.35312449E+01 0.22687284E+02 0.31251657E-01 0.33473421E-02 0.27366104E-03
 -0.35187591E+01 0.22773833E+02 0.30459257E-01 0.34553078E-02 0.27526154E-03
 -0.35062422E+01 0.22852944E+02 0.30247258E-01 0.34655148E-02 0.27548777E-03
 -0.34936364E+01 0.22935278E+02 0.29674413E-01 0.35466999E-02 0.27357090E-03
 -0.34809690E+01 0.23013609E+02 0.29417750E-01 0.35485253E-02 0.27139462E-03
 -0.34683402E+01 0.23119406E+02 0.27275674E-01 0.38878332E-02 0.27483312E-03
 -0.34555665E+01 0.23202066E+02 0.27009488E-01 0.38589363E-02 0.27494033E-03
 -0.34427786E+01 0.23295595E+02 0.25940826E-01 0.39865609E-02 0.27633124E-03
 -0.34297986E+01 0.23362235E+02 0.26158471E-01 0.39373398E-02 0.27543614E-03
 -0.34167513E+01 0.23430963E+02 0.25928888E-01 0.39984589E-02 0.27432129E-03
 -0.34036466E+01 0.23498076E+02 0.26281462E-01 0.39078104E-02 0.27460931E-03
 -0.33904746E+01 0.23561858E+02 0.26812467E-01 0.38001552E-02 0.27311567E-03
 -0.33772116E+01 0.23638401E+02 0.26515457E-01 0.38252660E-02 0.27186696E-03
 -0.33638770E+01 0.23721476E+02 0.25578269E-01 0.39737265E-02 0.27204396E-03
 -0.33504952E+01 0.23802966E+02 0.25409714E-01 0.39049900E-02 0.27405090E-03
 -0.33369958E+01 0.23885363E+02 0.24632803E-01 0.39962703E-02 0.27627620E-03
 -0.33234483E+01 0.23966870E+02 0.24174377E-01 0.40353656E-02 0.27425983E-03
 -0.33097279E+01 0.24058783E+02 0.22153152E-01 0.43975917E-02 0.27450705E-03
 -0.32959289E+01 0.24131158E+02 0.22188031E-01 0.43394375E-02 0.27387837E-03
 -0.32819880E+01 0.24216666E+02 0.20743511E-01 0.45998837E-02 0.27504977E-03
 -0.32679309E+01 0.24292088E+02 0.20244071E-01 0.46680764E-02 0.27395053E-03
 -0.32537798E+01 0.24370090E+02 0.19368767E-01 0.48130097E-02 0.27782869E-03
 -0.32395044E+01 0.24440634E+02 0.19341007E-01 0.47689545E-02 0.27986177E-03
 -0.32250417E+01 0.24496476E+02 0.20579414E-01 0.44709164E-02 0.27955444E-03
 -0.32104881E+01 0.24588181E+02 0.18928241E-01 0.47328866E-02 0.27815123E-03
 -0.31958515E+01 0.24665480E+02 0.19069529E-01 0.46019102E-02 0.27734865E-03
 -0.31810362E+01 0.24761552E+02 0.17337362E-01 0.48307270E-02 0.28127716E-03
 -0.31661104E+01 0.24865572E+02 0.14787215E-01 0.52541576E-02 0.28355128E-03
 -0.31509441E+01 0.24941070E+02 0.14620489E-01 0.51907212E-02 0.28584521E-03
 -0.31355727E+01 0.25004591E+02 0.15096643E-01 0.50238292E-02 0.28767774E-03
 -0.31200708E+01 0.25078767E+02 0.14769739E-01 0.50324876E-02 0.29155878E-03
 -0.31043961E+01 0.25160070E+02 0.13868297E-01 0.51437336E-02 0.29147762E-03
 -0.30885236E+01 0.25241428E+02 0.13278834E-01 0.51337471E-02 0.29053279E-03
 -0.30724124E+01 0.25293765E+02 0.14674521E-01 0.48408126E-02 0.28895671E-03
 -0.30561280E+01 0.25371166E+02 0.14400536E-01 0.47600154E-02 0.29341351E-03
 -0.30395638E+01 0.25433047E+02 0.14891130E-01 0.46084063E-02 0.29746602E-03
 -0.30227046E+01 0.25474157E+02 0.17008251E-01 0.41495297E-02 0.29598584E-03
 -0.30056849E+01 0.25549985E+02 0.16186642E-01 0.42675043E-02 0.29537339E-03
 -0.29883980E+01 0.25618918E+02 0.16235908E-01 0.41689734E-02 0.29539302E-03
 -0.29707625E+01 0.25664170E+02 0.17745574E-01 0.38255912E-02 0.30012161E-03
 -0.29529429E+01 0.25742448E+02 0.16895888E-01 0.39335467E-02 0.30569337E-03
 -0.29348135E+01 0.25799207E+02 0.17646768E-01 0.37679892E-02 0.30602297E-03
 -0.29165075E+01 0.25905880E+02 0.15368481E-01 0.40917281E-02 0.30512706E-03
 -0.28978173E+01 0.25988233E+02 0.14599021E-01 0.41626605E-02 0.30760923E-03
 -0.28788003E+01 0.26089757E+02 0.12115187E-01 0.46002226E-02 0.30538849E-03
 -0.28593690E+01 0.26173040E+02 0.11195558E-01 0.47173794E-02 0.31042175E-03
 -0.28395111E+01 0.26240984E+02 0.12008358E-01 0.43990492E-02 0.31724623E-03
 -0.28193589E+01 0.26351803E+02 0.99573794E-02 0.46172412E-02 0.31887478E-03
 -0.27986604E+01 0.26421712E+02 0.10495821E-01 0.43950242E-02 0.32506969E-03
 -0.27774540E+01 0.26500026E+02 0.99667189E-02 0.43685477E-02 0.32551163E-03
 -0.27556671E+01 0.26561363E+02 0.95992846E-02 0.44588732E-02 0.32372787E-03
 -0.27335382E+01 0.26672302E+02 0.66228415E-02 0.49495354E-02 0.32773090E-03
 -0.27107695E+01 0.26752064E+02 0.61972815E-02 0.49431254E-02 0.32973793E-03
 -0.26873201E+01 0.26834004E+02 0.54681481E-02 0.49664334E-02 0.33162403E-03
 -0.26632427E+01 0.26896244E+02 0.63504132E-02 0.46957152E-02 0.33850824E-03
 -0.26384453E+01 0.26963228E+02 0.70730133E-02 0.44254836E-02 0.34464083E-03
 -0.26130253E+01 0.27082451E+02 0.40431053E-02 0.49261625E-02 0.35078901E-03
 -0.25866831E+01 0.27186740E+02 0.23952838E-02 0.50635486E-02 0.35009683E-03
 -0.25594716E+01 0.27297754E+02 0.65359694E-03 0.52203569E-02 0.35677171E-03
 -0.25312281E+01 0.27391330E+02 -0.23646186E-03 0.52168706E-02 0.35851635E-03
 -0.25019178E+01 0.27486347E+02 -0.95736020E-03 0.52340191E-02 0.36591399E-03
 -0.24712931E+01 0.27567652E+02 -0.16366572E-02 0.53161438E-02 0.38038855E-03
 -0.24393014E+01 0.27629682E+02 -0.10875271E-02 0.51899788E-02 0.38452071E-03
 -0.24059504E+01 0.27761085E+02 -0.46058416E-02 0.57007896E-02 0.39362605E-03
 -0.23709756E+01 0.27911380E+02 -0.93342092E-02 0.64242915E-02 0.40765093E-03
 -0.23340035E+01 0.28045244E+02 -0.12635915E-01 0.68021631E-02 0.41318442E-03
 -0.22948347E+01 0.28133868E+02 -0.13043378E-01 0.67530202E-02 0.41675338E-03
 -0.22531224E+01 0.28220696E+02 -0.13545169E-01 0.68520509E-02 0.42480276E-03
 -0.22085221E+01 0.28294723E+02 -0.12163997E-01 0.65220154E-02 0.44122140E-03
 -0.21604664E+01 0.28396518E+02 -0.13441226E-01 0.66695436E-02 0.45763799E-03
 -0.21079774E+01 0.28388493E+02 -0.60778814E-02 0.51914548E-02 0.47071516E-03
 -0.20506734E+01 0.28437435E+02 -0.29124188E-02 0.46466323E-02 0.50126874E-03
 -0.19873040E+01 0.28599922E+02 -0.72684345E-02 0.54190858E-02 0.52903366E-03
 -0.19157339E+01 0.28742262E+02 -0.93826653E-02 0.56611709E-02 0.56160826E-03
 -0.18326294E+01 0.28792851E+02 -0.71627917E-02 0.54687714E-02 0.60574229E-03
 -0.17341838E+01 0.28876418E+02 -0.55346115E-02 0.53555165E-02 0.67004912E-03
 -0.16115123E+01 0.28923916E+02 -0.16337369E-05 0.44994953E-02 0.73094135E-03
 -0.14460944E+01 0.29246967E+02 -0.13853850E-01 0.75098644E-02 0.84495796E-03
 -0.14048402E+01 0.29428299E+02 -0.22212029E-01 0.90871984E-02 0.90242303E-03
 -0.13589746E+01 0.29567904E+02 -0.28881894E-01 0.10412832E-01 0.96160409E-03
 -0.13072255E+01 0.29508467E+02 -0.22664478E-01 0.97365249E-02 0.99352083E-03
 -0.12486920E+01 0.29712925E+02 -0.33820502E-01 0.12099428E-01 0.10599126E-02
 -0.11808268E+01 0.29863120E+02 -0.36818684E-01 0.12447719E-01 0.11021316E-02
 -0.10986939E+01 0.29842306E+02 -0.35555141E-01 0.13334476E-01 0.11820229E-02
 -0.99560465E+00 0.29833812E+02 -0.31688109E-01 0.13888460E-01 0.13434891E-02
 -0.85458986E+00 0.30056741E+02 -0.42378454E-01 0.17495184E-01 0.15597187E-02
 -0.62347686E+00 0.30130579E+02 -0.46682799E-01 0.22086939E-01 0.20597003E-02
 -0.40403260E+00 0.30364639E+02 -0.61364188E-01 0.30200986E-01 0.28413227E-02
 -0.12896606E+00 0.30743736E+02 -0.77657721E-01 0.41080909E-01 0.42041703E-02
 0.70959592E-01 0.29756087E+02 -0.12442465E-01 0.38028679E-01 0.56947048E-02
ecmctt   10 13  5   40
 -0.73586274E+01 -0.44378079E+02 -0.21827651E+00 -0.19393793E+00 0.51164406E-02
 -0.71986871E+01 -0.41729852E+02 0.46561985E-01 -0.20957610E+00 0.36839717E-02
 -0.69819278E+01 -0.34877581E+02 0.10748734E+00 -0.17371827E+00 0.28382955E-02
 -0.68084607E+01 -0.28962086E+02 0.10508625E+00 -0.14477679E+00 0.20608370E-02
 -0.66227922E+01 -0.23168291E+02 0.82349421E-01 -0.11194483E+00 0.14360080E-02
 -0.65106515E+01 -0.19721878E+02 0.79938421E-01 -0.97933828E-01 0.12088940E-02
 -0.64267641E+01 -0.17237236E+02 0.64592387E-01 -0.86143588E-01 0.10519757E-02
 -0.63607732E+01 -0.15305438E+02 0.54076051E-01 -0.76702097E-01 0.94315716E-03
 -0.63050584E+01 -0.13757190E+02 0.45753936E-01 -0.69700011E-01 0.85574725E-03
 -0.62562331E+01 -0.12721037E+02 0.57915407E-01 -0.67319918E-01 0.81941942E-03
 -0.62141059E+01 -0.11513553E+02 0.48750692E-01 -0.61955093E-01 0.78075569E-03
 -0.61760669E+01 -0.10692614E+02 0.58057694E-01 -0.60263329E-01 0.75687024E-03
 -0.61417777E+01 -0.98782530E+01 0.63331073E-01 -0.58669416E-01 0.74862906E-03
 -0.60042797E+01 -0.67639201E+01 0.68068415E-01 -0.49148353E-01 0.62224386E-03
 -0.59013898E+01 -0.45265249E+01 0.67140702E-01 -0.42038400E-01 0.58218647E-03
 -0.58189508E+01 -0.25986823E+01 0.51326653E-01 -0.33682109E-01 0.54317331E-03
 -0.57489282E+01 -0.12185948E+01 0.56086610E-01 -0.30912420E-01 0.50991158E-03
 -0.56884198E+01 0.42855202E-01 0.53648261E-01 -0.27457936E-01 0.48332115E-03
 -0.56343507E+01 0.11349304E+01 0.49757795E-01 -0.24169541E-01 0.45451597E-03
 -0.55855943E+01 0.21239525E+01 0.45245811E-01 -0.21173021E-01 0.42980496E-03
 -0.55407662E+01 0.29558610E+01 0.45070381E-01 -0.19315897E-01 0.41826151E-03
 -0.54993040E+01 0.37106978E+01 0.44694283E-01 -0.17684171E-01 0.41113662E-03
 -0.54607209E+01 0.43723569E+01 0.46853872E-01 -0.16644585E-01 0.40294717E-03
 -0.54244969E+01 0.49865297E+01 0.48200295E-01 -0.15623424E-01 0.40257543E-03
 -0.53905560E+01 0.55832034E+01 0.48791521E-01 -0.14609059E-01 0.39018751E-03
 -0.53583628E+01 0.61432789E+01 0.47561881E-01 -0.13308430E-01 0.39195932E-03
 -0.53277390E+01 0.66981363E+01 0.45405512E-01 -0.12156756E-01 0.37798915E-03
 -0.52984563E+01 0.71695583E+01 0.47089232E-01 -0.11815538E-01 0.37865486E-03
 -0.52704806E+01 0.76309569E+01 0.46259376E-01 -0.10769927E-01 0.37358985E-03
 -0.52435322E+01 0.80611529E+01 0.46100354E-01 -0.99856583E-02 0.36208566E-03
 -0.52176158E+01 0.84895947E+01 0.43986871E-01 -0.88800114E-02 0.35413779E-03
 -0.51927175E+01 0.88966993E+01 0.42624305E-01 -0.79517431E-02 0.34822280E-03
 -0.51685663E+01 0.92562938E+01 0.44033325E-01 -0.76568934E-02 0.34297723E-03
 -0.51451486E+01 0.95919270E+01 0.46033078E-01 -0.75541429E-02 0.33420486E-03
 -0.51224104E+01 0.99198165E+01 0.47503496E-01 -0.73331866E-02 0.32760977E-03
 -0.51002765E+01 0.10223639E+02 0.48782591E-01 -0.69987277E-02 0.32054269E-03
 -0.50787595E+01 0.10528414E+02 0.49991958E-01 -0.68344086E-02 0.32451902E-03
 -0.50579055E+01 0.10818826E+02 0.52273255E-01 -0.69234937E-02 0.32286871E-03
 -0.50376037E+01 0.11131047E+02 0.51030216E-01 -0.62542218E-02 0.31734026E-03
 -0.50177617E+01 0.11425345E+02 0.50637980E-01 -0.58060626E-02 0.30564213E-03
 -0.49982048E+01 0.11688155E+02 0.51278380E-01 -0.55576567E-02 0.30508342E-03
 -0.49791643E+01 0.11938113E+02 0.53139364E-01 -0.56046122E-02 0.30647597E-03
 -0.49604306E+01 0.12184645E+02 0.53588740E-01 -0.53507081E-02 0.30584584E-03
 -0.49421530E+01 0.12443276E+02 0.52861815E-01 -0.48946649E-02 0.30625672E-03
 -0.49242497E+01 0.12702367E+02 0.51372881E-01 -0.42503931E-02 0.30564028E-03
 -0.49066831E+01 0.12953546E+02 0.50705037E-01 -0.38714453E-02 0.30666524E-03
 -0.48893908E+01 0.13189360E+02 0.50389959E-01 -0.35363620E-02 0.30889846E-03
 -0.48723735E+01 0.13408347E+02 0.51185679E-01 -0.34908689E-02 0.30532146E-03
 -0.48556027E+01 0.13625954E+02 0.51480783E-01 -0.33142406E-02 0.29922874E-03
 -0.48390616E+01 0.13821813E+02 0.52453439E-01 -0.31831494E-02 0.29888512E-03
 -0.48227757E+01 0.14040232E+02 0.51846873E-01 -0.28677896E-02 0.29481729E-03
 -0.48067765E+01 0.14249317E+02 0.52081370E-01 -0.27760916E-02 0.29168680E-03
 -0.47910286E+01 0.14449293E+02 0.52955295E-01 -0.28453607E-02 0.29109756E-03
 -0.47754053E+01 0.14632459E+02 0.53561946E-01 -0.27140446E-02 0.28947320E-03
 -0.47600300E+01 0.14817482E+02 0.54071831E-01 -0.26400608E-02 0.28388978E-03
 -0.47449106E+01 0.15008160E+02 0.54235348E-01 -0.25529092E-02 0.28166808E-03
 -0.47298977E+01 0.15185180E+02 0.54825559E-01 -0.25038584E-02 0.28311980E-03
 -0.47151837E+01 0.15394787E+02 0.52891268E-01 -0.20055096E-02 0.28112741E-03
 -0.47005409E+01 0.15578538E+02 0.52096904E-01 -0.16576550E-02 0.27843236E-03
 -0.46861137E+01 0.15758773E+02 0.52073213E-01 -0.15523395E-02 0.27688055E-03
 -0.46717429E+01 0.15912899E+02 0.53433870E-01 -0.16681365E-02 0.27653467E-03
 -0.46575559E+01 0.16085978E+02 0.53184205E-01 -0.15202750E-02 0.27245212E-03
 -0.46434969E+01 0.16255895E+02 0.52990637E-01 -0.13970387E-02 0.27733396E-03
 -0.46295355E+01 0.16420915E+02 0.52557636E-01 -0.11800530E-02 0.27815757E-03
 -0.46157266E+01 0.16573853E+02 0.52884457E-01 -0.11046770E-02 0.27411279E-03
 -0.46021017E+01 0.16758124E+02 0.51464990E-01 -0.80969545E-03 0.27715568E-03
 -0.45885036E+01 0.16920836E+02 0.50575730E-01 -0.50425436E-03 0.27584205E-03
 -0.45750716E+01 0.17102988E+02 0.48092196E-01 0.77353993E-04 0.27637709E-03
 -0.45616813E+01 0.17243705E+02 0.48884830E-01 0.14239580E-05 0.27334903E-03
 -0.45484261E+01 0.17403136E+02 0.48001019E-01 0.26012811E-03 0.27074040E-03
 -0.45352630E+01 0.17555119E+02 0.47529201E-01 0.44600738E-03 0.26849933E-03
 -0.45222577E+01 0.17727455E+02 0.45514722E-01 0.87382907E-03 0.26716107E-03
 -0.45092839E+01 0.17867974E+02 0.45283363E-01 0.10503014E-02 0.26558036E-03
 -0.44964703E+01 0.18019806E+02 0.44739550E-01 0.11951046E-02 0.26412697E-03
 -0.44836477E+01 0.18163179E+02 0.44140824E-01 0.14050859E-02 0.26409216E-03
 -0.44709185E+01 0.18305636E+02 0.43493739E-01 0.16165321E-02 0.26334059E-03
 -0.44582743E+01 0.18444472E+02 0.43473452E-01 0.16417066E-02 0.26264922E-03
 -0.44457141E+01 0.18592923E+02 0.42010430E-01 0.20241922E-02 0.25843400E-03
 -0.44332492E+01 0.18720577E+02 0.42721184E-01 0.19286235E-02 0.25772133E-03
 -0.44208163E+01 0.18862277E+02 0.41569483E-01 0.22258543E-02 0.25533957E-03
 -0.44084332E+01 0.18985449E+02 0.42034376E-01 0.21881711E-02 0.25378083E-03
 -0.43960668E+01 0.19105574E+02 0.42116151E-01 0.22734212E-02 0.25534252E-03
 -0.43838303E+01 0.19237885E+02 0.41789040E-01 0.23592377E-02 0.25343939E-03
 -0.43715834E+01 0.19350866E+02 0.42270543E-01 0.23552551E-02 0.25217058E-03
 -0.43594092E+01 0.19464434E+02 0.43135829E-01 0.22070707E-02 0.24951251E-03
 -0.43472742E+01 0.19596160E+02 0.42115285E-01 0.24389470E-02 0.24867309E-03
 -0.43351917E+01 0.19721280E+02 0.41332832E-01 0.26707521E-02 0.25033234E-03
 -0.43231554E+01 0.19841959E+02 0.41296479E-01 0.26878499E-02 0.25343930E-03
 -0.43111944E+01 0.19976509E+02 0.40150726E-01 0.29326156E-02 0.25455964E-03
 -0.42992584E+01 0.20097946E+02 0.39836386E-01 0.30248169E-02 0.25448110E-03
 -0.42873956E+01 0.20219999E+02 0.39362800E-01 0.31376112E-02 0.25518316E-03
 -0.42755332E+01 0.20334184E+02 0.39426449E-01 0.31474911E-02 0.25503740E-03
 -0.42636989E+01 0.20459317E+02 0.38570059E-01 0.33192115E-02 0.25367774E-03
 -0.42519053E+01 0.20587982E+02 0.37751997E-01 0.34398066E-02 0.25257115E-03
 -0.42401034E+01 0.20701226E+02 0.37699687E-01 0.34641061E-02 0.25355575E-03
 -0.42283203E+01 0.20803297E+02 0.38203961E-01 0.33807108E-02 0.25149521E-03
 -0.42166200E+01 0.20932336E+02 0.36871151E-01 0.36314334E-02 0.24836195E-03
 -0.42048525E+01 0.21037602E+02 0.36747995E-01 0.36958119E-02 0.24955568E-03
 -0.41931272E+01 0.21131220E+02 0.37871583E-01 0.34885285E-02 0.24904770E-03
 -0.41814337E+01 0.21256420E+02 0.36499069E-01 0.37317108E-02 0.24497456E-03
 -0.41697139E+01 0.21364361E+02 0.36164656E-01 0.38101469E-02 0.24406638E-03
 -0.41580647E+01 0.21473633E+02 0.36050979E-01 0.38170437E-02 0.24254777E-03
 -0.41464468E+01 0.21593529E+02 0.34817724E-01 0.40679596E-02 0.24267714E-03
 -0.41347562E+01 0.21701530E+02 0.33925108E-01 0.42814539E-02 0.24419333E-03
 -0.41231187E+01 0.21806891E+02 0.33889875E-01 0.42593027E-02 0.24571426E-03
 -0.41114631E+01 0.21900969E+02 0.34305693E-01 0.42077935E-02 0.24483240E-03
 -0.40998861E+01 0.22017023E+02 0.33580398E-01 0.42997062E-02 0.24321656E-03
 -0.40882572E+01 0.22124688E+02 0.33027245E-01 0.43972240E-02 0.24435541E-03
 -0.40766243E+01 0.22231713E+02 0.32572161E-01 0.44662985E-02 0.24336564E-03
 -0.40650322E+01 0.22348730E+02 0.31541705E-01 0.46105934E-02 0.24338037E-03
 -0.40533673E+01 0.22443318E+02 0.31749942E-01 0.45675185E-02 0.24612601E-03
 -0.40416599E+01 0.22530813E+02 0.32310822E-01 0.44615018E-02 0.24572175E-03
 -0.40300361E+01 0.22631964E+02 0.32277391E-01 0.44371809E-02 0.24620241E-03
 -0.40183607E+01 0.22723771E+02 0.32478313E-01 0.44196206E-02 0.24626628E-03
 -0.40065710E+01 0.22790279E+02 0.34239510E-01 0.41147701E-02 0.24543505E-03
 -0.39948884E+01 0.22881244E+02 0.34481683E-01 0.40680168E-02 0.24580929E-03
 -0.39831586E+01 0.22978539E+02 0.33986939E-01 0.41522520E-02 0.24625758E-03
 -0.39714530E+01 0.23094817E+02 0.32199619E-01 0.44486054E-02 0.24640146E-03
 -0.39597828E+01 0.23197511E+02 0.32128009E-01 0.43965770E-02 0.24800041E-03
 -0.39479978E+01 0.23282216E+02 0.32764094E-01 0.42717876E-02 0.24512130E-03
 -0.39362041E+01 0.23384224E+02 0.32285242E-01 0.43128777E-02 0.24719766E-03
 -0.39243819E+01 0.23479261E+02 0.31836675E-01 0.43897843E-02 0.24849518E-03
 -0.39125389E+01 0.23572741E+02 0.31354291E-01 0.44748674E-02 0.24771044E-03
 -0.39006729E+01 0.23658218E+02 0.31954281E-01 0.43212290E-02 0.25057368E-03
 -0.38887101E+01 0.23735296E+02 0.32714366E-01 0.41670211E-02 0.24936868E-03
 -0.38767903E+01 0.23830918E+02 0.32412174E-01 0.41775671E-02 0.25110803E-03
 -0.38647945E+01 0.23918231E+02 0.32391952E-01 0.41907064E-02 0.25144973E-03
 -0.38527674E+01 0.24005479E+02 0.32727758E-01 0.40826042E-02 0.25649249E-03
 -0.38406827E+01 0.24089092E+02 0.33076018E-01 0.39922121E-02 0.25604528E-03
 -0.38285860E+01 0.24182970E+02 0.32627280E-01 0.40561959E-02 0.25388004E-03
 -0.38164630E+01 0.24281528E+02 0.31877007E-01 0.41485243E-02 0.25347777E-03
 -0.38043647E+01 0.24394897E+02 0.29975726E-01 0.44901444E-02 0.25203467E-03
 -0.37921822E+01 0.24488470E+02 0.29792946E-01 0.44653595E-02 0.25177808E-03
 -0.37798455E+01 0.24573132E+02 0.29530211E-01 0.45293600E-02 0.25396278E-03
 -0.37675718E+01 0.24676206E+02 0.28595707E-01 0.46650088E-02 0.25718280E-03
 -0.37552307E+01 0.24780025E+02 0.27653688E-01 0.47623351E-02 0.25868268E-03
 -0.37427787E+01 0.24866574E+02 0.27625415E-01 0.47200707E-02 0.26031810E-03
 -0.37302534E+01 0.24953025E+02 0.27458619E-01 0.47028685E-02 0.26308945E-03
 -0.37176554E+01 0.25038893E+02 0.27373199E-01 0.46824434E-02 0.26309776E-03
 -0.37050328E+01 0.25132139E+02 0.26976590E-01 0.47112886E-02 0.26542194E-03
 -0.36923123E+01 0.25227336E+02 0.26307083E-01 0.47664152E-02 0.26571116E-03
 -0.36795333E+01 0.25324994E+02 0.25383214E-01 0.49101367E-02 0.26913302E-03
 -0.36666164E+01 0.25407717E+02 0.25456020E-01 0.48579455E-02 0.27023293E-03
 -0.36536717E+01 0.25494189E+02 0.25597521E-01 0.47572456E-02 0.27301484E-03
 -0.36406883E+01 0.25600045E+02 0.23882767E-01 0.50482714E-02 0.27363235E-03
 -0.36275962E+01 0.25696477E+02 0.23331390E-01 0.50704245E-02 0.27469551E-03
 -0.36143825E+01 0.25777681E+02 0.23674409E-01 0.49437231E-02 0.27609237E-03
 -0.36010827E+01 0.25865666E+02 0.23261851E-01 0.49821785E-02 0.27838832E-03
 -0.35877145E+01 0.25972024E+02 0.22036754E-01 0.51057781E-02 0.28133897E-03
 -0.35741542E+01 0.26048120E+02 0.22266714E-01 0.50552755E-02 0.28230318E-03
 -0.35605216E+01 0.26120489E+02 0.23318608E-01 0.47936183E-02 0.28245692E-03
 -0.35467828E+01 0.26212346E+02 0.22553326E-01 0.48928661E-02 0.28353953E-03
 -0.35328862E+01 0.26281061E+02 0.23804153E-01 0.45899150E-02 0.28627555E-03
 -0.35189620E+01 0.26387922E+02 0.22195385E-01 0.48315084E-02 0.28627677E-03
 -0.35048852E+01 0.26490384E+02 0.20996080E-01 0.49648581E-02 0.28600411E-03
 -0.34906650E+01 0.26581635E+02 0.20175175E-01 0.51142176E-02 0.28376855E-03
 -0.34762740E+01 0.26668650E+02 0.19923118E-01 0.50898004E-02 0.28447603E-03
 -0.34617159E+01 0.26764266E+02 0.18971360E-01 0.51960248E-02 0.28477491E-03
 -0.34470796E+01 0.26874963E+02 0.16874345E-01 0.55205397E-02 0.28780968E-03
 -0.34322949E+01 0.26968499E+02 0.16819722E-01 0.53812048E-02 0.28696348E-03
 -0.34172371E+01 0.27053198E+02 0.16550608E-01 0.53622050E-02 0.28867778E-03
 -0.34020265E+01 0.27140901E+02 0.15873183E-01 0.54387070E-02 0.28704056E-03
 -0.33867244E+01 0.27240120E+02 0.15121159E-01 0.54789270E-02 0.28109207E-03
 -0.33711442E+01 0.27322701E+02 0.15121861E-01 0.54012247E-02 0.28151682E-03
 -0.33554385E+01 0.27420707E+02 0.14135461E-01 0.55364717E-02 0.28560679E-03
 -0.33395251E+01 0.27525234E+02 0.12433303E-01 0.57976000E-02 0.28751710E-03
 -0.33234249E+01 0.27637014E+02 0.10378443E-01 0.60866290E-02 0.29279544E-03
 -0.33069637E+01 0.27701986E+02 0.11615155E-01 0.58145179E-02 0.29341796E-03
 -0.32903977E+01 0.27797107E+02 0.11357001E-01 0.57477265E-02 0.29550813E-03
 -0.32735308E+01 0.27867342E+02 0.12500034E-01 0.54739453E-02 0.29900953E-03
 -0.32564275E+01 0.27951204E+02 0.12797304E-01 0.53162077E-02 0.30343335E-03
 -0.32390326E+01 0.28040745E+02 0.12665130E-01 0.52258391E-02 0.30218979E-03
 -0.32213184E+01 0.28131927E+02 0.12843498E-01 0.50402382E-02 0.30911311E-03
 -0.32034509E+01 0.28259193E+02 0.10429070E-01 0.53474788E-02 0.31070131E-03
 -0.31851607E+01 0.28336708E+02 0.11404633E-01 0.50588030E-02 0.31127322E-03
 -0.31664522E+01 0.28419164E+02 0.11367823E-01 0.50395437E-02 0.30671545E-03
 -0.31474742E+01 0.28508340E+02 0.11638103E-01 0.48807060E-02 0.31007950E-03
 -0.31281060E+01 0.28619785E+02 0.10116392E-01 0.50257588E-02 0.30774669E-03
 -0.31083707E+01 0.28742836E+02 0.80155142E-02 0.52927365E-02 0.31285368E-03
 -0.30881347E+01 0.28829795E+02 0.84401755E-02 0.50516342E-02 0.31306103E-03
 -0.30676172E+01 0.28944520E+02 0.76693562E-02 0.50179127E-02 0.31763946E-03
 -0.30465220E+01 0.29068141E+02 0.52335313E-02 0.54058519E-02 0.31718923E-03
 -0.30246284E+01 0.29135884E+02 0.65212480E-02 0.50677881E-02 0.32190805E-03
 -0.30023830E+01 0.29243743E+02 0.53629943E-02 0.51884330E-02 0.32481811E-03
 -0.29795959E+01 0.29347182E+02 0.58752861E-02 0.48495293E-02 0.33260151E-03
 -0.29560840E+01 0.29447938E+02 0.54931100E-02 0.47830910E-02 0.33931111E-03
 -0.29318466E+01 0.29566705E+02 0.30279867E-02 0.51861186E-02 0.34596963E-03
 -0.29070064E+01 0.29718904E+02 -0.78507217E-03 0.57563309E-02 0.35074495E-03
 -0.28811950E+01 0.29823024E+02 -0.14345254E-02 0.58107422E-02 0.35669760E-03
 -0.28545662E+01 0.29923600E+02 -0.16787052E-02 0.57944195E-02 0.35711893E-03
 -0.28269686E+01 0.30050413E+02 -0.30682974E-02 0.58575617E-02 0.36269193E-03
 -0.27982915E+01 0.30170367E+02 -0.49258947E-02 0.61455195E-02 0.36570071E-03
 -0.27683230E+01 0.30237398E+02 -0.22082416E-02 0.54904772E-02 0.37503985E-03
 -0.27372345E+01 0.30357173E+02 -0.25672412E-02 0.53652174E-02 0.37568647E-03
 -0.27046648E+01 0.30505563E+02 -0.43306137E-02 0.54126209E-02 0.37990758E-03
 -0.26702278E+01 0.30597443E+02 -0.29350726E-02 0.49638622E-02 0.37671667E-03
 -0.26338860E+01 0.30685418E+02 -0.17387892E-02 0.46623208E-02 0.37964279E-03
 -0.25954903E+01 0.30807181E+02 -0.33276670E-02 0.49184848E-02 0.38581000E-03
 -0.25547180E+01 0.30938425E+02 -0.40299012E-02 0.48545700E-02 0.40772497E-03
 -0.25115111E+01 0.31176001E+02 -0.11064766E-01 0.58441707E-02 0.42416605E-03
 -0.24645330E+01 0.31249478E+02 -0.77215929E-02 0.52491273E-02 0.43853229E-03
 -0.24136107E+01 0.31421665E+02 -0.11256576E-01 0.57705403E-02 0.45717727E-03
 -0.23579163E+01 0.31613711E+02 -0.15675059E-01 0.64638630E-02 0.46701871E-03
 -0.22957662E+01 0.31768851E+02 -0.16149346E-01 0.64642716E-02 0.48248542E-03
 -0.22257473E+01 0.31954193E+02 -0.17954711E-01 0.66884525E-02 0.50039677E-03
 -0.21450726E+01 0.32168452E+02 -0.20286608E-01 0.68914358E-02 0.53843867E-03
 -0.20495837E+01 0.32533250E+02 -0.32041655E-01 0.87080151E-02 0.59542645E-03
 -0.19297009E+01 0.32751454E+02 -0.32021808E-01 0.86723480E-02 0.66512191E-03
 -0.17684366E+01 0.33202327E+02 -0.44090259E-01 0.10984979E-01 0.80089411E-03
 -0.17271954E+01 0.33212034E+02 -0.43000582E-01 0.11034422E-01 0.83599046E-03
 -0.16823839E+01 0.33315779E+02 -0.42520049E-01 0.10722398E-01 0.88314515E-03
 -0.16318960E+01 0.33422183E+02 -0.46224736E-01 0.11563794E-01 0.93617597E-03
 -0.15745292E+01 0.33540845E+02 -0.50289293E-01 0.12651591E-01 0.99551319E-03
 -0.15078926E+01 0.33578728E+02 -0.46937597E-01 0.12607671E-01 0.10338634E-02
 -0.14274995E+01 0.33795293E+02 -0.57947754E-01 0.15278692E-01 0.11480714E-02
 -0.13271117E+01 0.33961742E+02 -0.60457588E-01 0.16393025E-01 0.12845406E-02
 -0.11892171E+01 0.33988609E+02 -0.47728832E-01 0.14938516E-01 0.15156693E-02
 -0.96363624E+00 0.34752774E+02 -0.89702385E-01 0.25522516E-01 0.20718818E-02
 -0.74706656E+00 0.34390764E+02 -0.64457576E-01 0.25839381E-01 0.27915874E-02
 -0.48183798E+00 0.36350237E+02 -0.18950887E+00 0.55416691E-01 0.41177586E-02
 -0.29290925E+00 0.38440000E+02 -0.31690287E+00 0.83608656E-01 0.54284091E-02
