Copyright (c) James G. MacKinnon, 1999
ecmnc     3  3  6   25
 -0.52006745E+01 -0.24805500E+02 -0.72158463E-01 0.35268707E-02
 -0.50372456E+01 -0.21700425E+02 -0.57279746E-01 0.26305871E-02
 -0.48133846E+01 -0.17979104E+02 -0.40687175E-01 0.16563284E-02
 -0.46341325E+01 -0.15166607E+02 -0.33182532E-01 0.12476707E-02
 -0.44426348E+01 -0.12502550E+02 -0.24957021E-01 0.95143654E-03
 -0.43242517E+01 -0.11180513E+02 -0.17940180E-01 0.79882813E-03
 -0.42377272E+01 -0.10132487E+02 -0.16087154E-01 0.71707537E-03
 -0.41687367E+01 -0.93630707E+01 -0.13592454E-01 0.66957360E-03
 -0.41110866E+01 -0.87829035E+01 -0.11308395E-01 0.62235379E-03
 -0.40616494E+01 -0.82315175E+01 -0.10891218E-01 0.58552321E-03
 -0.40180402E+01 -0.78104561E+01 -0.92845145E-02 0.55525599E-03
 -0.39791582E+01 -0.74170125E+01 -0.84542592E-02 0.53540546E-03
 -0.39436187E+01 -0.70613816E+01 -0.82885699E-02 0.50678340E-03
 -0.38027637E+01 -0.56879469E+01 -0.76455029E-02 0.42612399E-03
 -0.36975276E+01 -0.47893260E+01 -0.65781035E-02 0.36298882E-03
 -0.36126352E+01 -0.41049087E+01 -0.60647073E-02 0.33839753E-03
 -0.35408978E+01 -0.35541902E+01 -0.55542034E-02 0.31861501E-03
 -0.34785222E+01 -0.30875000E+01 -0.55481999E-02 0.29883499E-03
 -0.34229500E+01 -0.26916051E+01 -0.54496928E-02 0.29110456E-03
 -0.33726888E+01 -0.23656235E+01 -0.49354932E-02 0.27528128E-03
 -0.33267779E+01 -0.20594326E+01 -0.50096119E-02 0.26226761E-03
 -0.32840853E+01 -0.18139040E+01 -0.45021423E-02 0.26236516E-03
 -0.32445705E+01 -0.15647295E+01 -0.46163029E-02 0.25403197E-03
 -0.32074213E+01 -0.13501040E+01 -0.45083063E-02 0.25243646E-03
 -0.31723670E+01 -0.11522660E+01 -0.44706157E-02 0.24042070E-03
 -0.31391982E+01 -0.96762456E+00 -0.43622276E-02 0.23630599E-03
 -0.31076775E+01 -0.79821947E+00 -0.43117343E-02 0.23360435E-03
 -0.30775484E+01 -0.63425397E+00 -0.44329285E-02 0.23417050E-03
 -0.30486263E+01 -0.48974878E+00 -0.43718557E-02 0.23193750E-03
 -0.30208732E+01 -0.35880711E+00 -0.42527715E-02 0.23054818E-03
 -0.29941927E+01 -0.22474798E+00 -0.43107370E-02 0.22638411E-03
 -0.29684075E+01 -0.10170505E+00 -0.43423159E-02 0.22357860E-03
 -0.29434059E+01 0.31658621E-02 -0.41855504E-02 0.22180722E-03
 -0.29192629E+01 0.11642079E+00 -0.42580696E-02 0.21749418E-03
 -0.28958582E+01 0.22046591E+00 -0.42435311E-02 0.21623554E-03
 -0.28730771E+01 0.32045254E+00 -0.42313190E-02 0.21195856E-03
 -0.28509515E+01 0.42080681E+00 -0.43326604E-02 0.21245196E-03
 -0.28294075E+01 0.51310654E+00 -0.43120005E-02 0.21369155E-03
 -0.28083426E+01 0.60228045E+00 -0.43812981E-02 0.21121105E-03
 -0.27877960E+01 0.68962120E+00 -0.44849333E-02 0.21033191E-03
 -0.27676382E+01 0.76810963E+00 -0.45078814E-02 0.20945403E-03
 -0.27478824E+01 0.84225673E+00 -0.45138351E-02 0.20695732E-03
 -0.27285709E+01 0.91709713E+00 -0.45566104E-02 0.20371128E-03
 -0.27096945E+01 0.99382013E+00 -0.46654488E-02 0.20274041E-03
 -0.26911736E+01 0.10662550E+01 -0.47030613E-02 0.19975412E-03
 -0.26729260E+01 0.11304518E+01 -0.46660917E-02 0.19816309E-03
 -0.26549121E+01 0.11930621E+01 -0.46981028E-02 0.19731639E-03
 -0.26372426E+01 0.12597541E+01 -0.48186871E-02 0.19588986E-03
 -0.26198261E+01 0.13215673E+01 -0.48884075E-02 0.19645283E-03
 -0.26026763E+01 0.13763684E+01 -0.48464697E-02 0.19385645E-03
 -0.25857641E+01 0.14343981E+01 -0.49260299E-02 0.19028991E-03
 -0.25691131E+01 0.14876095E+01 -0.49364596E-02 0.18814627E-03
 -0.25526405E+01 0.15361836E+01 -0.49208378E-02 0.18893982E-03
 -0.25363972E+01 0.15877008E+01 -0.50104744E-02 0.18746082E-03
 -0.25203604E+01 0.16353975E+01 -0.50361919E-02 0.18790131E-03
 -0.25045679E+01 0.16877493E+01 -0.51380917E-02 0.18874117E-03
 -0.24889417E+01 0.17412749E+01 -0.53012762E-02 0.18764276E-03
 -0.24734587E+01 0.17875698E+01 -0.53314306E-02 0.18792199E-03
 -0.24581455E+01 0.18329879E+01 -0.53904790E-02 0.18608305E-03
 -0.24430549E+01 0.18828711E+01 -0.55322296E-02 0.18289203E-03
 -0.24280687E+01 0.19284075E+01 -0.56563075E-02 0.18240157E-03
 -0.24131692E+01 0.19686874E+01 -0.56809386E-02 0.18345984E-03
 -0.23984480E+01 0.20078952E+01 -0.56733023E-02 0.18141398E-03
 -0.23838768E+01 0.20491813E+01 -0.57407378E-02 0.18019236E-03
 -0.23694097E+01 0.20878943E+01 -0.57770018E-02 0.17783556E-03
 -0.23550809E+01 0.21286242E+01 -0.58744294E-02 0.17764766E-03
 -0.23408239E+01 0.21671449E+01 -0.59642863E-02 0.17681266E-03
 -0.23266494E+01 0.21991986E+01 -0.58980147E-02 0.17402304E-03
 -0.23126276E+01 0.22373339E+01 -0.59854386E-02 0.17359734E-03
 -0.22987052E+01 0.22733446E+01 -0.60446930E-02 0.17567135E-03
 -0.22848441E+01 0.23061932E+01 -0.60882680E-02 0.17501859E-03
 -0.22710769E+01 0.23415208E+01 -0.61766218E-02 0.17519737E-03
 -0.22574200E+01 0.23759294E+01 -0.62497881E-02 0.17492005E-03
 -0.22438473E+01 0.24078411E+01 -0.62856652E-02 0.17495566E-03
 -0.22302886E+01 0.24339239E+01 -0.62541729E-02 0.17268806E-03
 -0.22168333E+01 0.24660683E+01 -0.63623289E-02 0.17505963E-03
 -0.22034821E+01 0.24985767E+01 -0.64293203E-02 0.17334011E-03
 -0.21901921E+01 0.25318321E+01 -0.65576157E-02 0.17334010E-03
 -0.21769498E+01 0.25648360E+01 -0.67225981E-02 0.17064277E-03
 -0.21637205E+01 0.25888979E+01 -0.66959261E-02 0.17114048E-03
 -0.21506215E+01 0.26190010E+01 -0.68003539E-02 0.16994611E-03
 -0.21375686E+01 0.26491629E+01 -0.68768894E-02 0.16766999E-03
 -0.21245152E+01 0.26740390E+01 -0.68760853E-02 0.16901506E-03
 -0.21115411E+01 0.27028276E+01 -0.69907819E-02 0.16825234E-03
 -0.20985866E+01 0.27313721E+01 -0.70974811E-02 0.16922179E-03
 -0.20856799E+01 0.27551399E+01 -0.71259919E-02 0.16918405E-03
 -0.20727503E+01 0.27762005E+01 -0.71465858E-02 0.17062826E-03
 -0.20598851E+01 0.27947136E+01 -0.71059624E-02 0.17073464E-03
 -0.20471078E+01 0.28219506E+01 -0.72350372E-02 0.17276554E-03
 -0.20342819E+01 0.28425690E+01 -0.72678186E-02 0.17253153E-03
 -0.20214956E+01 0.28610441E+01 -0.72321060E-02 0.17158602E-03
 -0.20087473E+01 0.28807503E+01 -0.72545278E-02 0.17242615E-03
 -0.19960290E+01 0.29015579E+01 -0.72971483E-02 0.17368436E-03
 -0.19833907E+01 0.29270173E+01 -0.74344662E-02 0.17278536E-03
 -0.19706816E+01 0.29462406E+01 -0.74436582E-02 0.17304472E-03
 -0.19580276E+01 0.29689312E+01 -0.75485939E-02 0.17203338E-03
 -0.19453466E+01 0.29859821E+01 -0.75629941E-02 0.17367563E-03
 -0.19326651E+01 0.30042531E+01 -0.76110039E-02 0.17497509E-03
 -0.19200393E+01 0.30239862E+01 -0.76947074E-02 0.17515675E-03
 -0.19073990E+01 0.30383677E+01 -0.76551466E-02 0.17505270E-03
 -0.18947916E+01 0.30613556E+01 -0.77778806E-02 0.17372679E-03
 -0.18822052E+01 0.30824762E+01 -0.78993498E-02 0.17560940E-03
 -0.18696238E+01 0.31050851E+01 -0.80451669E-02 0.17705265E-03
 -0.18570248E+01 0.31208828E+01 -0.80096822E-02 0.17670289E-03
 -0.18443805E+01 0.31341395E+01 -0.80223821E-02 0.17647719E-03
 -0.18317923E+01 0.31541197E+01 -0.81151851E-02 0.17680395E-03
 -0.18191411E+01 0.31676640E+01 -0.80995118E-02 0.17562776E-03
 -0.18065226E+01 0.31883046E+01 -0.82298323E-02 0.17847347E-03
 -0.17938857E+01 0.32048081E+01 -0.82846638E-02 0.17896027E-03
 -0.17812012E+01 0.32196334E+01 -0.83412682E-02 0.17980349E-03
 -0.17685254E+01 0.32356639E+01 -0.84054950E-02 0.18188977E-03
 -0.17557870E+01 0.32491164E+01 -0.84259507E-02 0.18211827E-03
 -0.17430374E+01 0.32640445E+01 -0.84852525E-02 0.18423858E-03
 -0.17302792E+01 0.32784075E+01 -0.85019039E-02 0.18369289E-03
 -0.17174951E+01 0.32928701E+01 -0.85597925E-02 0.18393509E-03
 -0.17046792E+01 0.33070517E+01 -0.85908653E-02 0.18395822E-03
 -0.16918626E+01 0.33186806E+01 -0.85724067E-02 0.18556609E-03
 -0.16790057E+01 0.33338734E+01 -0.86366833E-02 0.18725405E-03
 -0.16661020E+01 0.33502403E+01 -0.87579714E-02 0.18652821E-03
 -0.16531867E+01 0.33646612E+01 -0.88433487E-02 0.18641409E-03
 -0.16401814E+01 0.33776336E+01 -0.89240927E-02 0.18630968E-03
 -0.16271539E+01 0.33858886E+01 -0.88838428E-02 0.18527878E-03
 -0.16141182E+01 0.34007883E+01 -0.89471597E-02 0.18586738E-03
 -0.16010164E+01 0.34126658E+01 -0.89506117E-02 0.18790763E-03
 -0.15878449E+01 0.34190903E+01 -0.88978336E-02 0.18907896E-03
 -0.15746403E+01 0.34293993E+01 -0.89104960E-02 0.18906652E-03
 -0.15613413E+01 0.34391193E+01 -0.89205226E-02 0.19030384E-03
 -0.15480569E+01 0.34510109E+01 -0.89602776E-02 0.19148839E-03
 -0.15346369E+01 0.34566220E+01 -0.89149383E-02 0.19153157E-03
 -0.15212106E+01 0.34663019E+01 -0.89220454E-02 0.19198232E-03
 -0.15076605E+01 0.34708967E+01 -0.88355300E-02 0.19200531E-03
 -0.14941545E+01 0.34840583E+01 -0.88962413E-02 0.19149670E-03
 -0.14805084E+01 0.34922999E+01 -0.88878588E-02 0.19026396E-03
 -0.14667684E+01 0.34988832E+01 -0.88758472E-02 0.18852300E-03
 -0.14529366E+01 0.35055173E+01 -0.88368658E-02 0.19029829E-03
 -0.14390536E+01 0.35137890E+01 -0.88277267E-02 0.19064612E-03
 -0.14250805E+01 0.35173636E+01 -0.87576899E-02 0.19116163E-03
 -0.14110594E+01 0.35293276E+01 -0.88369889E-02 0.19189436E-03
 -0.13969311E+01 0.35337057E+01 -0.87872273E-02 0.19292606E-03
 -0.13826676E+01 0.35397423E+01 -0.88056328E-02 0.19344870E-03
 -0.13683465E+01 0.35456326E+01 -0.87932249E-02 0.19551118E-03
 -0.13539154E+01 0.35501404E+01 -0.87610820E-02 0.19533523E-03
 -0.13393866E+01 0.35566600E+01 -0.87998763E-02 0.19601736E-03
 -0.13247959E+01 0.35694560E+01 -0.89301440E-02 0.19726273E-03
 -0.13100336E+01 0.35787293E+01 -0.90046939E-02 0.19691357E-03
 -0.12951684E+01 0.35843889E+01 -0.90232076E-02 0.19739968E-03
 -0.12802077E+01 0.35935040E+01 -0.90943350E-02 0.19985194E-03
 -0.12650712E+01 0.35953351E+01 -0.90361540E-02 0.19931052E-03
 -0.12498021E+01 0.35973139E+01 -0.89904136E-02 0.20035154E-03
 -0.12344370E+01 0.36020061E+01 -0.90035262E-02 0.20064551E-03
 -0.12188189E+01 0.35969309E+01 -0.88572992E-02 0.20172474E-03
 -0.12031230E+01 0.35967632E+01 -0.87766681E-02 0.20401212E-03
 -0.11872508E+01 0.35950589E+01 -0.86754366E-02 0.20498226E-03
 -0.11712805E+01 0.36047992E+01 -0.87950096E-02 0.20543328E-03
 -0.11551512E+01 0.36098586E+01 -0.88170240E-02 0.20487141E-03
 -0.11388019E+01 0.36116987E+01 -0.88305112E-02 0.20733083E-03
 -0.11223087E+01 0.36187919E+01 -0.89369209E-02 0.21089643E-03
 -0.11055884E+01 0.36192103E+01 -0.89088354E-02 0.21268981E-03
 -0.10886459E+01 0.36201273E+01 -0.88939680E-02 0.21537509E-03
 -0.10715003E+01 0.36169461E+01 -0.88553994E-02 0.21749575E-03
 -0.10541499E+01 0.36134126E+01 -0.87497074E-02 0.21928916E-03
 -0.10365701E+01 0.36070467E+01 -0.86091589E-02 0.21857052E-03
 -0.10188003E+01 0.36063202E+01 -0.86126604E-02 0.22154962E-03
 -0.10007903E+01 0.36057516E+01 -0.85838222E-02 0.22071355E-03
 -0.98255816E+00 0.36079618E+01 -0.86263620E-02 0.22339381E-03
 -0.96405678E+00 0.36062650E+01 -0.85755875E-02 0.22723102E-03
 -0.94524578E+00 0.36027788E+01 -0.85233520E-02 0.23027671E-03
 -0.92617333E+00 0.35987053E+01 -0.84925280E-02 0.23185165E-03
 -0.90677405E+00 0.35985422E+01 -0.85280125E-02 0.23448336E-03
 -0.88720366E+00 0.36067221E+01 -0.86624913E-02 0.23654771E-03
 -0.86714650E+00 0.36070865E+01 -0.87310478E-02 0.24081860E-03
 -0.84678541E+00 0.36091489E+01 -0.88152409E-02 0.24241988E-03
 -0.82603682E+00 0.36062815E+01 -0.87647734E-02 0.24578196E-03
 -0.80491909E+00 0.36059197E+01 -0.88072243E-02 0.24357468E-03
 -0.78337701E+00 0.35982437E+01 -0.87087945E-02 0.24452579E-03
 -0.76135324E+00 0.35902465E+01 -0.85821303E-02 0.24671059E-03
 -0.73887085E+00 0.35816008E+01 -0.85157601E-02 0.24838606E-03
 -0.71605123E+00 0.35841052E+01 -0.86088182E-02 0.25092681E-03
 -0.69253946E+00 0.35705234E+01 -0.84371364E-02 0.25252791E-03
 -0.66851167E+00 0.35568006E+01 -0.82901985E-02 0.25511327E-03
 -0.64388889E+00 0.35422879E+01 -0.81234322E-02 0.25403620E-03
 -0.61881959E+00 0.35409726E+01 -0.81842874E-02 0.25705244E-03
 -0.59307768E+00 0.35403174E+01 -0.82836884E-02 0.25717353E-03
 -0.56657498E+00 0.35299489E+01 -0.82329637E-02 0.25726816E-03
 -0.53933934E+00 0.35272677E+01 -0.83415001E-02 0.25876826E-03
 -0.51129491E+00 0.35267217E+01 -0.84499797E-02 0.26163929E-03
 -0.48232448E+00 0.35098110E+01 -0.82878922E-02 0.26384906E-03
 -0.45246132E+00 0.35028154E+01 -0.83449926E-02 0.26747808E-03
 -0.42148405E+00 0.34779911E+01 -0.80223777E-02 0.27434964E-03
 -0.38939426E+00 0.34567302E+01 -0.78369624E-02 0.28253375E-03
 -0.35623995E+00 0.34523964E+01 -0.79126897E-02 0.28707537E-03
 -0.32161765E+00 0.34350087E+01 -0.78201188E-02 0.28949877E-03
 -0.28550457E+00 0.34048771E+01 -0.74713318E-02 0.29435428E-03
 -0.24769982E+00 0.33679057E+01 -0.69343234E-02 0.29984240E-03
 -0.20841569E+00 0.33639683E+01 -0.69851794E-02 0.30515905E-03
 -0.16690444E+00 0.33387841E+01 -0.66888715E-02 0.31117552E-03
 -0.12311688E+00 0.33176048E+01 -0.65343598E-02 0.31483115E-03
 -0.76941860E-01 0.33169790E+01 -0.66457154E-02 0.32280086E-03
 -0.27552215E-01 0.32997261E+01 -0.66831941E-02 0.33226971E-03
 0.25127526E-01 0.32895348E+01 -0.66764327E-02 0.33928384E-03
 0.82179637E-01 0.32609558E+01 -0.64503648E-02 0.35674048E-03
 0.14406102E+00 0.32425049E+01 -0.63335547E-02 0.36502738E-03
 0.21226356E+00 0.31979205E+01 -0.57883466E-02 0.38792894E-03
 0.28773615E+00 0.31749721E+01 -0.55024025E-02 0.41282559E-03
 0.37295556E+00 0.31478385E+01 -0.51075010E-02 0.41995771E-03
 0.47115404E+00 0.31164715E+01 -0.44020722E-02 0.44084086E-03
 0.58807231E+00 0.30899897E+01 -0.35609905E-02 0.47161074E-03
 0.73353015E+00 0.30734242E+01 -0.24729391E-02 0.52208401E-03
 0.92989127E+00 0.30713816E+01 -0.57105692E-03 0.61748854E-03
 0.97898784E+00 0.30923727E+01 -0.99760084E-04 0.64037922E-03
 0.10333472E+01 0.31332437E+01 -0.46624409E-03 0.67381033E-03
 0.10941976E+01 0.31364998E+01 0.57496339E-03 0.72450989E-03
 0.11632504E+01 0.31417797E+01 0.16607078E-02 0.78224408E-03
 0.12429285E+01 0.32742904E+01 0.76102046E-03 0.87138968E-03
 0.13379018E+01 0.34225310E+01 0.14911607E-03 0.93685340E-03
 0.14573606E+01 0.36384596E+01 -0.26171953E-03 0.10690624E-02
 0.16203246E+01 0.39209783E+01 0.86566473E-03 0.12450469E-02
 0.18825797E+01 0.45843018E+01 0.41312418E-02 0.16139576E-02
 0.21311073E+01 0.51929195E+01 0.89588402E-02 0.21674423E-02
 0.24334665E+01 0.66211569E+01 0.73721894E-02 0.32478797E-02
 0.26536277E+01 0.74385446E+01 0.15872576E-01 0.46286513E-02
ecmc      3  4  7   25
 -0.55804535E+01 -0.29676160E+02 -0.40923870E-01 -0.71467292E-02 0.38363041E-02
 -0.54206261E+01 -0.26604734E+02 -0.90921425E-02 -0.85559028E-02 0.30728283E-02
 -0.51991902E+01 -0.22069864E+02 -0.13616899E-01 -0.47689155E-02 0.19697102E-02
 -0.50232554E+01 -0.18888172E+02 -0.55786667E-02 -0.38686226E-02 0.15075971E-02
 -0.48387411E+01 -0.15594159E+02 -0.10740975E-01 -0.19498144E-02 0.10659099E-02
 -0.47237457E+01 -0.13985740E+02 -0.40557448E-02 -0.21397207E-02 0.93459586E-03
 -0.46397042E+01 -0.12874597E+02 0.51743871E-02 -0.30073497E-02 0.85055176E-03
 -0.45727597E+01 -0.11994621E+02 0.84150291E-02 -0.30493395E-02 0.80894193E-03
 -0.45164960E+01 -0.11367450E+02 0.13991938E-01 -0.34366667E-02 0.76572956E-03
 -0.44686315E+01 -0.10727949E+02 0.13766251E-01 -0.31664783E-02 0.72326516E-03
 -0.44265540E+01 -0.10189148E+02 0.14627824E-01 -0.31236269E-02 0.68016091E-03
 -0.43884489E+01 -0.97282827E+01 0.14449405E-01 -0.29560957E-02 0.64851722E-03
 -0.43544650E+01 -0.92391069E+01 0.11650573E-01 -0.26254451E-02 0.62001715E-03
 -0.42178190E+01 -0.75960910E+01 0.78641927E-02 -0.17212222E-02 0.51261337E-03
 -0.41160399E+01 -0.64865008E+01 0.71128944E-02 -0.14384601E-02 0.47174804E-03
 -0.40341204E+01 -0.56088361E+01 0.45321043E-02 -0.97759715E-03 0.43045620E-03
 -0.39651536E+01 -0.48755081E+01 0.20682989E-02 -0.65453332E-03 0.39542571E-03
 -0.39049854E+01 -0.43088776E+01 0.17909927E-02 -0.60962941E-03 0.36888209E-03
 -0.38513246E+01 -0.38297840E+01 0.20212192E-02 -0.63680495E-03 0.36037274E-03
 -0.38030460E+01 -0.34036044E+01 0.17999146E-02 -0.60270362E-03 0.34953647E-03
 -0.37589439E+01 -0.30094309E+01 0.11642847E-02 -0.57343468E-03 0.33639449E-03
 -0.37182394E+01 -0.26426927E+01 -0.25378868E-03 -0.42267031E-03 0.32496113E-03
 -0.36801303E+01 -0.23614650E+01 0.60153152E-03 -0.50395901E-03 0.31046774E-03
 -0.36446362E+01 -0.20776523E+01 0.48018441E-03 -0.49959272E-03 0.30210255E-03
 -0.36112250E+01 -0.17978136E+01 -0.64322644E-03 -0.38825665E-03 0.29562128E-03
 -0.35795079E+01 -0.15591617E+01 -0.58235967E-03 -0.43137123E-03 0.29025834E-03
 -0.35493320E+01 -0.13232803E+01 -0.18489522E-02 -0.26164935E-03 0.28239703E-03
 -0.35204665E+01 -0.11434507E+01 -0.69635842E-03 -0.41031685E-03 0.27763634E-03
 -0.34929372E+01 -0.94235011E+00 -0.11869995E-02 -0.34760826E-03 0.27560373E-03
 -0.34664572E+01 -0.76900395E+00 -0.89674069E-03 -0.38437757E-03 0.26729866E-03
 -0.34409194E+01 -0.61042802E+00 -0.15825774E-03 -0.50129642E-03 0.26559837E-03
 -0.34164122E+01 -0.43658284E+00 -0.80659150E-03 -0.44274080E-03 0.26313665E-03
 -0.33926781E+01 -0.28430935E+00 -0.68236836E-03 -0.48789268E-03 0.26142986E-03
 -0.33698144E+01 -0.10945367E+00 -0.21012150E-02 -0.32508991E-03 0.25770025E-03
 -0.33475226E+01 0.27566794E-01 -0.18166112E-02 -0.39871891E-03 0.25328677E-03
 -0.33258842E+01 0.18596245E+00 -0.29228585E-02 -0.30415767E-03 0.24878298E-03
 -0.33047712E+01 0.31341730E+00 -0.29867581E-02 -0.31387178E-03 0.24827299E-03
 -0.32842165E+01 0.43297215E+00 -0.28772156E-02 -0.35012612E-03 0.24832831E-03
 -0.32642892E+01 0.57129172E+00 -0.38368644E-02 -0.25380972E-03 0.24561298E-03
 -0.32447608E+01 0.68881849E+00 -0.40592028E-02 -0.24117129E-03 0.24036778E-03
 -0.32256302E+01 0.80300841E+00 -0.45924150E-02 -0.16924437E-03 0.23498252E-03
 -0.32069569E+01 0.91868322E+00 -0.50671375E-02 -0.13254908E-03 0.23106730E-03
 -0.31886816E+01 0.10235707E+01 -0.53251414E-02 -0.11812504E-03 0.23122341E-03
 -0.31707070E+01 0.11208781E+01 -0.56588655E-02 -0.77774202E-04 0.22822880E-03
 -0.31531011E+01 0.12183175E+01 -0.57543159E-02 -0.89369317E-04 0.22435607E-03
 -0.31358198E+01 0.13113423E+01 -0.58879209E-02 -0.87173584E-04 0.22256532E-03
 -0.31187707E+01 0.13879115E+01 -0.53350915E-02 -0.16979671E-03 0.22013148E-03
 -0.31020210E+01 0.14705237E+01 -0.54813724E-02 -0.15024133E-03 0.21650691E-03
 -0.30856525E+01 0.15648465E+01 -0.59506053E-02 -0.11240196E-03 0.21433339E-03
 -0.30694277E+01 0.16407438E+01 -0.58260639E-02 -0.13618916E-03 0.20960384E-03
 -0.30535122E+01 0.17292985E+01 -0.63985199E-02 -0.78595954E-04 0.20669973E-03
 -0.30378017E+01 0.18084367E+01 -0.66618325E-02 -0.55679362E-04 0.20608934E-03
 -0.30223058E+01 0.18820872E+01 -0.66853333E-02 -0.60075783E-04 0.20728896E-03
 -0.30070306E+01 0.19510573E+01 -0.64829067E-02 -0.10327934E-03 0.20929108E-03
 -0.29919355E+01 0.20254826E+01 -0.67937152E-02 -0.77376202E-04 0.20881161E-03
 -0.29770428E+01 0.20957172E+01 -0.67939173E-02 -0.95717708E-04 0.20725861E-03
 -0.29623525E+01 0.21617673E+01 -0.66801110E-02 -0.13062765E-03 0.20539031E-03
 -0.29478031E+01 0.22321761E+01 -0.68242014E-02 -0.12955451E-03 0.20527284E-03
 -0.29335007E+01 0.23122680E+01 -0.75897190E-02 -0.52094052E-04 0.20560694E-03
 -0.29192939E+01 0.23851124E+01 -0.81150268E-02 -0.94471412E-05 0.20584180E-03
 -0.29052201E+01 0.24519985E+01 -0.85032314E-02 0.23687834E-04 0.20463172E-03
 -0.28913006E+01 0.25250467E+01 -0.92814442E-02 0.11026449E-03 0.20491526E-03
 -0.28775150E+01 0.25939786E+01 -0.98652950E-02 0.17099414E-03 0.20762972E-03
 -0.28638395E+01 0.26578922E+01 -0.10309228E-01 0.21145769E-03 0.20607330E-03
 -0.28502595E+01 0.27066212E+01 -0.99812430E-02 0.16866123E-03 0.20411356E-03
 -0.28367847E+01 0.27584894E+01 -0.98536343E-02 0.14002406E-03 0.20399206E-03
 -0.28234781E+01 0.28244419E+01 -0.10523454E-01 0.21267001E-03 0.20187445E-03
 -0.28102301E+01 0.28822766E+01 -0.10894550E-01 0.24768464E-03 0.20272500E-03
 -0.27971136E+01 0.29374174E+01 -0.11138365E-01 0.26585777E-03 0.20076274E-03
 -0.27840781E+01 0.29869700E+01 -0.11117129E-01 0.25261761E-03 0.19976599E-03
 -0.27711966E+01 0.30498314E+01 -0.11734596E-01 0.31309748E-03 0.19905485E-03
 -0.27583974E+01 0.31016890E+01 -0.11838713E-01 0.31345054E-03 0.19890321E-03
 -0.27456737E+01 0.31511803E+01 -0.11887099E-01 0.30288793E-03 0.19814188E-03
 -0.27330357E+01 0.32062605E+01 -0.12182331E-01 0.32013212E-03 0.19911525E-03
 -0.27204490E+01 0.32640050E+01 -0.12849725E-01 0.39353082E-03 0.20094988E-03
 -0.27079730E+01 0.33205732E+01 -0.13376869E-01 0.44082241E-03 0.19961216E-03
 -0.26955177E+01 0.33671635E+01 -0.13577534E-01 0.45803891E-03 0.19993111E-03
 -0.26831027E+01 0.34102678E+01 -0.13608248E-01 0.45627559E-03 0.20088402E-03
 -0.26708391E+01 0.34654532E+01 -0.14158910E-01 0.50948117E-03 0.19863271E-03
 -0.26585466E+01 0.34985839E+01 -0.13721925E-01 0.45250206E-03 0.19709808E-03
 -0.26463492E+01 0.35424334E+01 -0.13863567E-01 0.45875089E-03 0.19659694E-03
 -0.26341759E+01 0.35802159E+01 -0.13686064E-01 0.42437148E-03 0.19554148E-03
 -0.26220937E+01 0.36244191E+01 -0.13763668E-01 0.41503641E-03 0.19393583E-03
 -0.26100564E+01 0.36704582E+01 -0.14010299E-01 0.42970734E-03 0.19444894E-03
 -0.25980902E+01 0.37122011E+01 -0.14050239E-01 0.41793747E-03 0.19334890E-03
 -0.25861186E+01 0.37546953E+01 -0.14223847E-01 0.42488293E-03 0.19313219E-03
 -0.25742539E+01 0.37983821E+01 -0.14350494E-01 0.41840767E-03 0.19067843E-03
 -0.25624124E+01 0.38469453E+01 -0.14798049E-01 0.44965279E-03 0.19204759E-03
 -0.25505617E+01 0.38865165E+01 -0.14907943E-01 0.44348887E-03 0.19141541E-03
 -0.25387463E+01 0.39337904E+01 -0.15480669E-01 0.49819413E-03 0.19138806E-03
 -0.25269723E+01 0.39700186E+01 -0.15611420E-01 0.51025634E-03 0.19077190E-03
 -0.25152184E+01 0.40055312E+01 -0.15553504E-01 0.48506430E-03 0.19136090E-03
 -0.25034764E+01 0.40385445E+01 -0.15602611E-01 0.48956111E-03 0.19132602E-03
 -0.24918236E+01 0.40773859E+01 -0.15645792E-01 0.47407927E-03 0.19188088E-03
 -0.24801953E+01 0.41185962E+01 -0.15986034E-01 0.50346887E-03 0.19151132E-03
 -0.24685396E+01 0.41571613E+01 -0.16371371E-01 0.54672580E-03 0.19080375E-03
 -0.24569295E+01 0.41948783E+01 -0.16580518E-01 0.56117983E-03 0.18961553E-03
 -0.24452761E+01 0.42201984E+01 -0.16297464E-01 0.52521393E-03 0.19012505E-03
 -0.24336959E+01 0.42566468E+01 -0.16413178E-01 0.51724977E-03 0.19137479E-03
 -0.24221612E+01 0.42980033E+01 -0.16796702E-01 0.54846971E-03 0.18960510E-03
 -0.24106294E+01 0.43397164E+01 -0.17283734E-01 0.59534525E-03 0.18971520E-03
 -0.23990501E+01 0.43706916E+01 -0.17212690E-01 0.57701993E-03 0.19032119E-03
 -0.23874992E+01 0.44026167E+01 -0.17180285E-01 0.55464285E-03 0.19116750E-03
 -0.23759737E+01 0.44373494E+01 -0.17311378E-01 0.55292515E-03 0.19091325E-03
 -0.23644388E+01 0.44726404E+01 -0.17418476E-01 0.54279280E-03 0.19051440E-03
 -0.23528968E+01 0.45047848E+01 -0.17511724E-01 0.54086386E-03 0.19162914E-03
 -0.23413780E+01 0.45421573E+01 -0.17925051E-01 0.58128733E-03 0.19035633E-03
 -0.23297893E+01 0.45726109E+01 -0.18033399E-01 0.58437203E-03 0.18765622E-03
 -0.23182177E+01 0.45999139E+01 -0.17861860E-01 0.54721075E-03 0.18819055E-03
 -0.23067057E+01 0.46371407E+01 -0.18232810E-01 0.57659943E-03 0.18736286E-03
 -0.22950794E+01 0.46616406E+01 -0.18166739E-01 0.56168039E-03 0.19205079E-03
 -0.22835398E+01 0.46947874E+01 -0.18281920E-01 0.55855918E-03 0.19224836E-03
 -0.22719856E+01 0.47277833E+01 -0.18498453E-01 0.56915557E-03 0.19417841E-03
 -0.22603534E+01 0.47467493E+01 -0.18083945E-01 0.51113399E-03 0.19535076E-03
 -0.22486667E+01 0.47656842E+01 -0.17840487E-01 0.48165846E-03 0.19297904E-03
 -0.22369937E+01 0.47903063E+01 -0.17736144E-01 0.45536875E-03 0.19637911E-03
 -0.22252555E+01 0.48083331E+01 -0.17364909E-01 0.39937675E-03 0.19706816E-03
 -0.22135299E+01 0.48293192E+01 -0.17123958E-01 0.36067149E-03 0.19574816E-03
 -0.22018382E+01 0.48558765E+01 -0.17038992E-01 0.33735596E-03 0.19661162E-03
 -0.21900901E+01 0.48831106E+01 -0.17011144E-01 0.31426896E-03 0.19667076E-03
 -0.21783159E+01 0.49030210E+01 -0.16751627E-01 0.27594051E-03 0.19712207E-03
 -0.21665409E+01 0.49284128E+01 -0.16674171E-01 0.25321918E-03 0.19891481E-03
 -0.21546795E+01 0.49469966E+01 -0.16381815E-01 0.21071719E-03 0.19639392E-03
 -0.21428107E+01 0.49726790E+01 -0.16437835E-01 0.20851001E-03 0.19648687E-03
 -0.21308640E+01 0.49922608E+01 -0.16361012E-01 0.20028602E-03 0.19798887E-03
 -0.21189487E+01 0.50303775E+01 -0.16955279E-01 0.24757644E-03 0.19652841E-03
 -0.21069709E+01 0.50595324E+01 -0.17271248E-01 0.27872344E-03 0.19400800E-03
 -0.20949617E+01 0.50906545E+01 -0.17569954E-01 0.30334613E-03 0.19549152E-03
 -0.20829005E+01 0.51190640E+01 -0.17669273E-01 0.29462169E-03 0.19440205E-03
 -0.20707966E+01 0.51489346E+01 -0.17927880E-01 0.30939404E-03 0.19610472E-03
 -0.20586388E+01 0.51769642E+01 -0.18065633E-01 0.31013630E-03 0.19633633E-03
 -0.20464392E+01 0.51991560E+01 -0.17973616E-01 0.28664942E-03 0.19701084E-03
 -0.20341937E+01 0.52268304E+01 -0.18158315E-01 0.29713695E-03 0.19870596E-03
 -0.20218267E+01 0.52542023E+01 -0.18427572E-01 0.32036511E-03 0.19907243E-03
 -0.20094319E+01 0.52778124E+01 -0.18534886E-01 0.32621633E-03 0.20089269E-03
 -0.19969559E+01 0.53062186E+01 -0.18853502E-01 0.35253387E-03 0.20090482E-03
 -0.19844232E+01 0.53314037E+01 -0.19029567E-01 0.36597400E-03 0.20214940E-03
 -0.19718794E+01 0.53580413E+01 -0.19157174E-01 0.36698078E-03 0.20310266E-03
 -0.19591973E+01 0.53816053E+01 -0.19176561E-01 0.35410118E-03 0.20362954E-03
 -0.19463876E+01 0.53982093E+01 -0.19061539E-01 0.34167255E-03 0.20298975E-03
 -0.19335743E+01 0.54303784E+01 -0.19650010E-01 0.40436455E-03 0.20303534E-03
 -0.19207220E+01 0.54644098E+01 -0.20161395E-01 0.45007386E-03 0.20138897E-03
 -0.19077512E+01 0.54920715E+01 -0.20363764E-01 0.46102645E-03 0.20137309E-03
 -0.18946361E+01 0.55069265E+01 -0.20096862E-01 0.42287639E-03 0.20322784E-03
 -0.18815156E+01 0.55351077E+01 -0.20290104E-01 0.42652745E-03 0.20474196E-03
 -0.18682733E+01 0.55685818E+01 -0.20909505E-01 0.48682799E-03 0.20779535E-03
 -0.18549114E+01 0.55952243E+01 -0.21207747E-01 0.51115304E-03 0.20947287E-03
 -0.18414864E+01 0.56300478E+01 -0.21894461E-01 0.58547731E-03 0.21226119E-03
 -0.18279617E+01 0.56647836E+01 -0.22430824E-01 0.63058797E-03 0.21336708E-03
 -0.18142806E+01 0.56925021E+01 -0.22733070E-01 0.64902494E-03 0.21548215E-03
 -0.18004741E+01 0.57162362E+01 -0.22831306E-01 0.64341380E-03 0.21613195E-03
 -0.17864913E+01 0.57341901E+01 -0.22826981E-01 0.63845786E-03 0.21673658E-03
 -0.17724431E+01 0.57633179E+01 -0.23391355E-01 0.71218947E-03 0.21663553E-03
 -0.17582067E+01 0.57804364E+01 -0.23390703E-01 0.70365360E-03 0.21922673E-03
 -0.17439201E+01 0.58150350E+01 -0.24060361E-01 0.76994495E-03 0.22408539E-03
 -0.17294357E+01 0.58352164E+01 -0.24105951E-01 0.76884649E-03 0.22457209E-03
 -0.17148235E+01 0.58646980E+01 -0.24545034E-01 0.80937245E-03 0.22493083E-03
 -0.17000384E+01 0.58869745E+01 -0.24657864E-01 0.81010165E-03 0.22544831E-03
 -0.16850490E+01 0.59047346E+01 -0.24711676E-01 0.81532186E-03 0.22742737E-03
 -0.16699541E+01 0.59332854E+01 -0.25020951E-01 0.82854258E-03 0.22825567E-03
 -0.16546500E+01 0.59558039E+01 -0.25244959E-01 0.85155804E-03 0.22980384E-03
 -0.16392069E+01 0.59842615E+01 -0.25638828E-01 0.88332836E-03 0.23112051E-03
 -0.16235808E+01 0.60149594E+01 -0.26075009E-01 0.91035594E-03 0.23249100E-03
 -0.16077159E+01 0.60432987E+01 -0.26553344E-01 0.95941493E-03 0.23138959E-03
 -0.15915914E+01 0.60627618E+01 -0.26699948E-01 0.97323192E-03 0.22849138E-03
 -0.15752478E+01 0.60853365E+01 -0.26883473E-01 0.97987173E-03 0.22891971E-03
 -0.15586723E+01 0.61040911E+01 -0.27034659E-01 0.99675015E-03 0.23000310E-03
 -0.15419304E+01 0.61422841E+01 -0.27863235E-01 0.10765597E-02 0.23402227E-03
 -0.15248695E+01 0.61642190E+01 -0.28016868E-01 0.10825174E-02 0.23506172E-03
 -0.15076377E+01 0.62007704E+01 -0.28751789E-01 0.11501512E-02 0.23860663E-03
 -0.14899080E+01 0.62038015E+01 -0.28247137E-01 0.11027269E-02 0.24091743E-03
 -0.14720150E+01 0.62191142E+01 -0.28118324E-01 0.10858698E-02 0.24384456E-03
 -0.14538225E+01 0.62506309E+01 -0.28791284E-01 0.11515242E-02 0.24597961E-03
 -0.14352603E+01 0.62735788E+01 -0.29033996E-01 0.11748182E-02 0.25078825E-03
 -0.14163794E+01 0.62939026E+01 -0.29038764E-01 0.11566104E-02 0.25085345E-03
 -0.13972310E+01 0.63221725E+01 -0.29434071E-01 0.11931765E-02 0.25252026E-03
 -0.13774149E+01 0.63088558E+01 -0.28192522E-01 0.10516065E-02 0.25368833E-03
 -0.13573696E+01 0.63339046E+01 -0.28656335E-01 0.11004092E-02 0.26184027E-03
 -0.13369052E+01 0.63569896E+01 -0.29107822E-01 0.11581300E-02 0.26453389E-03
 -0.13158099E+01 0.63530030E+01 -0.28226634E-01 0.10543116E-02 0.26680664E-03
 -0.12944095E+01 0.63931670E+01 -0.29367430E-01 0.11742475E-02 0.27301845E-03
 -0.12725001E+01 0.64157684E+01 -0.29582724E-01 0.11915533E-02 0.27627237E-03
 -0.12499303E+01 0.64251538E+01 -0.29193910E-01 0.11396239E-02 0.28089181E-03
 -0.12268829E+01 0.64502246E+01 -0.29374304E-01 0.11500811E-02 0.28113876E-03
 -0.12029969E+01 0.64705027E+01 -0.29907513E-01 0.12222293E-02 0.28920368E-03
 -0.11784695E+01 0.64776461E+01 -0.29687112E-01 0.12054379E-02 0.28819644E-03
 -0.11532293E+01 0.65016716E+01 -0.29970101E-01 0.12276718E-02 0.29112038E-03
 -0.11272964E+01 0.65381084E+01 -0.30724271E-01 0.12985186E-02 0.29880612E-03
 -0.11003269E+01 0.65337436E+01 -0.29834472E-01 0.11989931E-02 0.29755603E-03
 -0.10724965E+01 0.65552405E+01 -0.29853667E-01 0.11789431E-02 0.30383528E-03
 -0.10436924E+01 0.65902129E+01 -0.30705703E-01 0.12658153E-02 0.30441684E-03
 -0.10136512E+01 0.66110693E+01 -0.31062968E-01 0.13043263E-02 0.30416411E-03
 -0.98233059E+00 0.66326681E+01 -0.31412284E-01 0.13475896E-02 0.31207435E-03
 -0.94963657E+00 0.66588643E+01 -0.31743133E-01 0.13729600E-02 0.31843819E-03
 -0.91541402E+00 0.66961776E+01 -0.32742641E-01 0.14814152E-02 0.32727409E-03
 -0.87941446E+00 0.67169520E+01 -0.32973820E-01 0.15054585E-02 0.33303112E-03
 -0.84132171E+00 0.67144891E+01 -0.32064367E-01 0.14001344E-02 0.33949218E-03
 -0.80122936E+00 0.67441142E+01 -0.32639510E-01 0.14734138E-02 0.34058874E-03
 -0.75851846E+00 0.67892981E+01 -0.33818191E-01 0.15951276E-02 0.34473033E-03
 -0.71269576E+00 0.67713375E+01 -0.32024442E-01 0.13803971E-02 0.35485688E-03
 -0.66321952E+00 0.67886107E+01 -0.32159694E-01 0.14173456E-02 0.37344584E-03
 -0.60986888E+00 0.68642047E+01 -0.33900615E-01 0.15768743E-02 0.39103877E-03
 -0.55093731E+00 0.68715248E+01 -0.33382924E-01 0.15387995E-02 0.41417129E-03
 -0.48537370E+00 0.68832020E+01 -0.33076423E-01 0.15331742E-02 0.43484735E-03
 -0.41171080E+00 0.69459623E+01 -0.34039185E-01 0.15991482E-02 0.47966831E-03
 -0.32656458E+00 0.69361210E+01 -0.31272800E-01 0.12617705E-02 0.51595054E-03
 -0.22491699E+00 0.69469913E+01 -0.31219998E-01 0.13949652E-02 0.57249268E-03
 -0.98599521E-01 0.69637885E+01 -0.29261617E-01 0.12271811E-02 0.62260671E-03
 0.71249188E-01 0.70431212E+01 -0.26110051E-01 0.86504731E-03 0.70791957E-03
 0.11404590E+00 0.70882449E+01 -0.26128623E-01 0.86563235E-03 0.74254638E-03
 0.16132694E+00 0.70886023E+01 -0.22944356E-01 0.43556560E-03 0.78424994E-03
 0.21471357E+00 0.70600826E+01 -0.20008027E-01 0.15432088E-03 0.81910898E-03
 0.27484014E+00 0.71035665E+01 -0.20428592E-01 0.32397152E-03 0.87015720E-03
 0.34474034E+00 0.71761351E+01 -0.21388915E-01 0.57815300E-03 0.92865208E-03
 0.42937715E+00 0.71320425E+01 -0.16904177E-01 0.22099235E-03 0.10190981E-02
 0.53405517E+00 0.73923343E+01 -0.23783620E-01 0.12248998E-02 0.11537307E-02
 0.67785894E+00 0.75840200E+01 -0.25435189E-01 0.17150530E-02 0.13379907E-02
 0.91119837E+00 0.80754777E+01 -0.25053740E-01 0.18013342E-02 0.17493926E-02
 0.11332855E+01 0.82513939E+01 -0.27215861E-02 -0.97548518E-03 0.23711122E-02
 0.14062125E+01 0.92916586E+01 -0.51918095E-02 -0.51784271E-03 0.34375677E-02
 0.16074358E+01 0.85490135E+01 0.58063026E-01 -0.64379128E-02 0.47916930E-02
ecmct     3  5  7   20
 -0.59190723E+01 -0.32989682E+02 -0.77949663E-01 -0.34015037E-02 0.38051413E-02
 -0.57646784E+01 -0.29482025E+02 -0.55693199E-01 -0.29772808E-02 0.26601847E-02
 -0.55482446E+01 -0.24955218E+02 -0.32205448E-01 -0.23642309E-02 0.16416421E-02
 -0.53750613E+01 -0.21616523E+02 -0.22698190E-01 -0.16220612E-02 0.12512367E-02
 -0.51929743E+01 -0.18364496E+02 -0.94855820E-02 -0.15336624E-02 0.10861576E-02
 -0.50810781E+01 -0.16430788E+02 -0.71132585E-02 -0.12005005E-02 0.93962698E-03
 -0.49994409E+01 -0.15084261E+02 -0.41306159E-02 -0.11287532E-02 0.73725053E-03
 -0.49342476E+01 -0.14072232E+02 -0.16407866E-02 -0.10898492E-02 0.69129218E-03
 -0.48801545E+01 -0.13237669E+02 -0.33306997E-03 -0.10147316E-02 0.61706699E-03
 -0.48327601E+01 -0.12590216E+02 0.15101871E-02 -0.10143813E-02 0.58043333E-03
 -0.47916264E+01 -0.11985380E+02 0.19488373E-02 -0.93936447E-03 0.54832250E-03
 -0.47546456E+01 -0.11442978E+02 0.18979191E-02 -0.84392299E-03 0.52420830E-03
 -0.47210965E+01 -0.10987524E+02 0.34046036E-02 -0.91207917E-03 0.49705680E-03
 -0.45883638E+01 -0.91542635E+01 0.38037729E-02 -0.73508428E-03 0.43230054E-03
 -0.44891686E+01 -0.79039046E+01 0.40790622E-02 -0.60314708E-03 0.40085340E-03
 -0.44096303E+01 -0.69096163E+01 0.29662078E-02 -0.44982922E-03 0.34981154E-03
 -0.43422289E+01 -0.61544732E+01 0.38651914E-02 -0.46967698E-03 0.32294146E-03
 -0.42838852E+01 -0.54911164E+01 0.38011639E-02 -0.45966195E-03 0.30233240E-03
 -0.42317890E+01 -0.49308754E+01 0.38028216E-02 -0.45453145E-03 0.29234494E-03
 -0.41849913E+01 -0.44188071E+01 0.28681059E-02 -0.36316561E-03 0.28494545E-03
 -0.41420230E+01 -0.40008366E+01 0.32960746E-02 -0.39002636E-03 0.28211447E-03
 -0.41023211E+01 -0.36256906E+01 0.36553874E-02 -0.41641009E-03 0.27142849E-03
 -0.40654866E+01 -0.32801653E+01 0.39278039E-02 -0.43811058E-03 0.26415029E-03
 -0.40309048E+01 -0.29506772E+01 0.35305345E-02 -0.40872469E-03 0.25714111E-03
 -0.39984791E+01 -0.26451319E+01 0.31382218E-02 -0.37780204E-03 0.25180797E-03
 -0.39676983E+01 -0.23791049E+01 0.34920314E-02 -0.41448606E-03 0.24669624E-03
 -0.39386271E+01 -0.21045291E+01 0.28547443E-02 -0.37552139E-03 0.24015380E-03
 -0.39108911E+01 -0.18315967E+01 0.17153692E-02 -0.29713926E-03 0.23426986E-03
 -0.38842398E+01 -0.15986840E+01 0.14976849E-02 -0.29885484E-03 0.23050556E-03
 -0.38587175E+01 -0.13798972E+01 0.11504164E-02 -0.27472444E-03 0.22971983E-03
 -0.38341943E+01 -0.11593910E+01 0.52425540E-03 -0.24050976E-03 0.22797457E-03
 -0.38105743E+01 -0.95114776E+00 -0.83653400E-04 -0.20266978E-03 0.22717208E-03
 -0.37876724E+01 -0.75958840E+00 -0.40404788E-03 -0.19250085E-03 0.22460105E-03
 -0.37656398E+01 -0.55916706E+00 -0.14035263E-02 -0.12351754E-03 0.22813030E-03
 -0.37441282E+01 -0.38429427E+00 -0.18596998E-02 -0.10034150E-03 0.22796440E-03
 -0.37232946E+01 -0.21456795E+00 -0.23203458E-02 -0.77563722E-04 0.22090999E-03
 -0.37030304E+01 -0.48506696E-01 -0.29053229E-02 -0.43590032E-04 0.22215502E-03
 -0.36833416E+01 0.10761263E+00 -0.32983376E-02 -0.24836406E-04 0.21521993E-03
 -0.36641386E+01 0.26572816E+00 -0.39329438E-02 0.88535148E-05 0.21421704E-03
 -0.36453054E+01 0.40017590E+00 -0.40050287E-02 0.33239483E-05 0.20981990E-03
 -0.36269489E+01 0.53776015E+00 -0.42680095E-02 0.13030313E-04 0.20578716E-03
 -0.36089753E+01 0.67424532E+00 -0.47408928E-02 0.39997419E-04 0.20403696E-03
 -0.35914488E+01 0.81076432E+00 -0.51582349E-02 0.53775068E-04 0.20532762E-03
 -0.35742623E+01 0.94261163E+00 -0.56849366E-02 0.83815626E-04 0.20384232E-03
 -0.35573843E+01 0.10711469E+01 -0.62367437E-02 0.11229328E-03 0.20277810E-03
 -0.35408355E+01 0.11904182E+01 -0.65685984E-02 0.12393267E-03 0.20176350E-03
 -0.35244283E+01 0.12921220E+01 -0.65955921E-02 0.11943637E-03 0.20232524E-03
 -0.35084383E+01 0.14086010E+01 -0.71025011E-02 0.14683968E-03 0.20139838E-03
 -0.34927457E+01 0.15253598E+01 -0.76457860E-02 0.17473397E-03 0.20099272E-03
 -0.34772730E+01 0.16313051E+01 -0.79179883E-02 0.18330038E-03 0.19980770E-03
 -0.34619656E+01 0.17308428E+01 -0.80409521E-02 0.17804554E-03 0.19700232E-03
 -0.34469214E+01 0.18270583E+01 -0.81502225E-02 0.17315849E-03 0.19449995E-03
 -0.34320578E+01 0.19204590E+01 -0.83498828E-02 0.17751782E-03 0.19328280E-03
 -0.34174072E+01 0.20169374E+01 -0.87261139E-02 0.19733766E-03 0.19051648E-03
 -0.34029550E+01 0.21060809E+01 -0.88909989E-02 0.20191077E-03 0.19024550E-03
 -0.33887163E+01 0.22009824E+01 -0.92555744E-02 0.21813464E-03 0.18902877E-03
 -0.33746259E+01 0.22870844E+01 -0.93828655E-02 0.21636847E-03 0.18653270E-03
 -0.33607120E+01 0.23734300E+01 -0.96214758E-02 0.22034152E-03 0.18500418E-03
 -0.33469456E+01 0.24576447E+01 -0.98999071E-02 0.23231214E-03 0.18241657E-03
 -0.33333789E+01 0.25449086E+01 -0.10318535E-01 0.25434277E-03 0.18285042E-03
 -0.33198916E+01 0.26257853E+01 -0.10591876E-01 0.26393404E-03 0.18008434E-03
 -0.33065459E+01 0.27007535E+01 -0.10657283E-01 0.25602394E-03 0.17898810E-03
 -0.32933582E+01 0.27779773E+01 -0.10836744E-01 0.25794201E-03 0.17716074E-03
 -0.32803011E+01 0.28588268E+01 -0.11179256E-01 0.27112517E-03 0.17843049E-03
 -0.32673719E+01 0.29391377E+01 -0.11661837E-01 0.29959694E-03 0.17773735E-03
 -0.32544968E+01 0.29993849E+01 -0.11461732E-01 0.27287012E-03 0.17578852E-03
 -0.32417739E+01 0.30690747E+01 -0.11542008E-01 0.26627296E-03 0.17489936E-03
 -0.32291216E+01 0.31322680E+01 -0.11504596E-01 0.25316884E-03 0.17196544E-03
 -0.32165990E+01 0.32015414E+01 -0.11673645E-01 0.25487029E-03 0.17149222E-03
 -0.32042127E+01 0.32718493E+01 -0.11935590E-01 0.26719568E-03 0.16990763E-03
 -0.31919795E+01 0.33480685E+01 -0.12389594E-01 0.29050314E-03 0.16921935E-03
 -0.31797164E+01 0.34095204E+01 -0.12450560E-01 0.28582890E-03 0.16933054E-03
 -0.31675817E+01 0.34744131E+01 -0.12607702E-01 0.28575985E-03 0.16762105E-03
 -0.31555386E+01 0.35438899E+01 -0.12953887E-01 0.30177379E-03 0.16819134E-03
 -0.31435209E+01 0.36048797E+01 -0.13163255E-01 0.31061485E-03 0.16825609E-03
 -0.31315926E+01 0.36657459E+01 -0.13288343E-01 0.31024197E-03 0.16784078E-03
 -0.31197247E+01 0.37273691E+01 -0.13535931E-01 0.32066892E-03 0.16820155E-03
 -0.31079240E+01 0.37832127E+01 -0.13598055E-01 0.31720555E-03 0.16737193E-03
 -0.30962028E+01 0.38389631E+01 -0.13700554E-01 0.31742486E-03 0.16785575E-03
 -0.30845663E+01 0.39003318E+01 -0.13966223E-01 0.32729840E-03 0.16700394E-03
 -0.30729981E+01 0.39590776E+01 -0.14159792E-01 0.33194812E-03 0.16760055E-03
 -0.30614428E+01 0.40153519E+01 -0.14347365E-01 0.33868972E-03 0.16804629E-03
 -0.30499158E+01 0.40674606E+01 -0.14421199E-01 0.33594624E-03 0.16736200E-03
 -0.30384819E+01 0.41210947E+01 -0.14533799E-01 0.33412603E-03 0.16629462E-03
 -0.30270878E+01 0.41729965E+01 -0.14617393E-01 0.33044607E-03 0.16462510E-03
 -0.30157717E+01 0.42289940E+01 -0.14864692E-01 0.34235178E-03 0.16342094E-03
 -0.30044872E+01 0.42828617E+01 -0.15036091E-01 0.34743014E-03 0.16155453E-03
 -0.29931994E+01 0.43296610E+01 -0.15037287E-01 0.33805263E-03 0.15954277E-03
 -0.29819806E+01 0.43820835E+01 -0.15241994E-01 0.34435619E-03 0.15978936E-03
 -0.29708214E+01 0.44353024E+01 -0.15498538E-01 0.35724970E-03 0.15958123E-03
 -0.29596676E+01 0.44829081E+01 -0.15550386E-01 0.35209264E-03 0.16126854E-03
 -0.29486262E+01 0.45416549E+01 -0.15930368E-01 0.36949845E-03 0.16101647E-03
 -0.29375719E+01 0.45903218E+01 -0.16029599E-01 0.36776957E-03 0.16268077E-03
 -0.29264908E+01 0.46389619E+01 -0.16200652E-01 0.37035537E-03 0.16231138E-03
 -0.29154576E+01 0.46878752E+01 -0.16373843E-01 0.37480770E-03 0.15912584E-03
 -0.29044564E+01 0.47403662E+01 -0.16729629E-01 0.39507279E-03 0.15879420E-03
 -0.28934812E+01 0.47851616E+01 -0.16862774E-01 0.40135126E-03 0.15734905E-03
 -0.28825311E+01 0.48363379E+01 -0.17183574E-01 0.41950831E-03 0.15880944E-03
 -0.28716161E+01 0.48857766E+01 -0.17410387E-01 0.42699439E-03 0.15799825E-03
 -0.28606986E+01 0.49365908E+01 -0.17721540E-01 0.44181386E-03 0.15918830E-03
 -0.28498065E+01 0.49839974E+01 -0.17913708E-01 0.44685898E-03 0.16093125E-03
 -0.28388848E+01 0.50309340E+01 -0.18178752E-01 0.45950257E-03 0.16167137E-03
 -0.28280053E+01 0.50763528E+01 -0.18308462E-01 0.45870475E-03 0.16005009E-03
 -0.28171387E+01 0.51253931E+01 -0.18648321E-01 0.47706080E-03 0.16068987E-03
 -0.28062603E+01 0.51724005E+01 -0.18953280E-01 0.49518009E-03 0.15895518E-03
 -0.27953768E+01 0.52193344E+01 -0.19256112E-01 0.51016672E-03 0.15826754E-03
 -0.27845247E+01 0.52649266E+01 -0.19519497E-01 0.52444757E-03 0.15988097E-03
 -0.27737085E+01 0.53137957E+01 -0.19836776E-01 0.53953979E-03 0.15889582E-03
 -0.27628146E+01 0.53573820E+01 -0.20043180E-01 0.54647591E-03 0.15980669E-03
 -0.27519217E+01 0.53967056E+01 -0.20102940E-01 0.54248914E-03 0.15969422E-03
 -0.27410550E+01 0.54365679E+01 -0.20125116E-01 0.53461143E-03 0.16144319E-03
 -0.27301328E+01 0.54764617E+01 -0.20207222E-01 0.53093823E-03 0.16190349E-03
 -0.27192329E+01 0.55185714E+01 -0.20356687E-01 0.53299558E-03 0.16181416E-03
 -0.27083158E+01 0.55596600E+01 -0.20524426E-01 0.53833717E-03 0.16110332E-03
 -0.26974230E+01 0.56054937E+01 -0.20790229E-01 0.54888744E-03 0.16082949E-03
 -0.26864791E+01 0.56461976E+01 -0.20987501E-01 0.55628811E-03 0.16202764E-03
 -0.26755590E+01 0.56896646E+01 -0.21266348E-01 0.57074766E-03 0.16267868E-03
 -0.26645833E+01 0.57274199E+01 -0.21328835E-01 0.56549495E-03 0.16085848E-03
 -0.26536014E+01 0.57676915E+01 -0.21524474E-01 0.57201451E-03 0.16167037E-03
 -0.26426285E+01 0.58070860E+01 -0.21645034E-01 0.57227168E-03 0.16372198E-03
 -0.26315763E+01 0.58431303E+01 -0.21720866E-01 0.57007188E-03 0.16346411E-03
 -0.26204875E+01 0.58762266E+01 -0.21675217E-01 0.55809655E-03 0.16347445E-03
 -0.26094197E+01 0.59158049E+01 -0.21887244E-01 0.56755741E-03 0.16412340E-03
 -0.25983345E+01 0.59568669E+01 -0.22094971E-01 0.57390370E-03 0.16505401E-03
 -0.25872068E+01 0.59976402E+01 -0.22313803E-01 0.58084166E-03 0.16499874E-03
 -0.25760554E+01 0.60396230E+01 -0.22614102E-01 0.59557482E-03 0.16664631E-03
 -0.25648780E+01 0.60825191E+01 -0.22941786E-01 0.61287992E-03 0.16591276E-03
 -0.25536885E+01 0.61284158E+01 -0.23394345E-01 0.64006057E-03 0.16689821E-03
 -0.25423569E+01 0.61584769E+01 -0.23343010E-01 0.62906970E-03 0.16623968E-03
 -0.25310190E+01 0.61942381E+01 -0.23503824E-01 0.63473206E-03 0.16671593E-03
 -0.25196368E+01 0.62290781E+01 -0.23562731E-01 0.62912826E-03 0.16689407E-03
 -0.25082690E+01 0.62681081E+01 -0.23765724E-01 0.63759418E-03 0.16490815E-03
 -0.24968221E+01 0.63087759E+01 -0.24099541E-01 0.65500757E-03 0.16376195E-03
 -0.24853250E+01 0.63456076E+01 -0.24253522E-01 0.65759257E-03 0.16284141E-03
 -0.24737783E+01 0.63822759E+01 -0.24399362E-01 0.65900168E-03 0.16215183E-03
 -0.24621380E+01 0.64139295E+01 -0.24435496E-01 0.65470308E-03 0.16430181E-03
 -0.24504904E+01 0.64504332E+01 -0.24573015E-01 0.65633292E-03 0.16598433E-03
 -0.24387923E+01 0.64910852E+01 -0.24859726E-01 0.66962407E-03 0.16539630E-03
 -0.24269865E+01 0.65267735E+01 -0.25044682E-01 0.67709514E-03 0.16572641E-03
 -0.24150939E+01 0.65623242E+01 -0.25208937E-01 0.68169321E-03 0.16805053E-03
 -0.24031349E+01 0.65956028E+01 -0.25323145E-01 0.68374033E-03 0.16871039E-03
 -0.23911329E+01 0.66322490E+01 -0.25553050E-01 0.69410537E-03 0.16978811E-03
 -0.23790566E+01 0.66647289E+01 -0.25587138E-01 0.68785394E-03 0.17089472E-03
 -0.23668952E+01 0.66992229E+01 -0.25732062E-01 0.69175844E-03 0.17133754E-03
 -0.23546307E+01 0.67335840E+01 -0.25843037E-01 0.69047327E-03 0.17295782E-03
 -0.23422915E+01 0.67722173E+01 -0.26168153E-01 0.70785284E-03 0.17368973E-03
 -0.23299198E+01 0.68118785E+01 -0.26437904E-01 0.71951058E-03 0.17461016E-03
 -0.23174317E+01 0.68527788E+01 -0.26748343E-01 0.73255079E-03 0.17429624E-03
 -0.23048251E+01 0.68845844E+01 -0.26784405E-01 0.72676588E-03 0.17245573E-03
 -0.22921398E+01 0.69227382E+01 -0.27036653E-01 0.73874611E-03 0.17462020E-03
 -0.22793408E+01 0.69648751E+01 -0.27484923E-01 0.76585576E-03 0.17380035E-03
 -0.22664364E+01 0.70047471E+01 -0.27840435E-01 0.78648192E-03 0.17496502E-03
 -0.22533646E+01 0.70363001E+01 -0.27975299E-01 0.79080411E-03 0.17490179E-03
 -0.22401604E+01 0.70654487E+01 -0.27952877E-01 0.78060669E-03 0.17512042E-03
 -0.22268744E+01 0.70981804E+01 -0.27998172E-01 0.77439243E-03 0.17629363E-03
 -0.22134586E+01 0.71310307E+01 -0.28078676E-01 0.77085090E-03 0.17651802E-03
 -0.21999749E+01 0.71727783E+01 -0.28474579E-01 0.79386379E-03 0.18064715E-03
 -0.21862854E+01 0.72107848E+01 -0.28756448E-01 0.80864228E-03 0.18171634E-03
 -0.21724471E+01 0.72461207E+01 -0.28973247E-01 0.81804748E-03 0.18486333E-03
 -0.21584903E+01 0.72863387E+01 -0.29301071E-01 0.83499364E-03 0.18558765E-03
 -0.21443655E+01 0.73277984E+01 -0.29668014E-01 0.85265268E-03 0.18678083E-03
 -0.21300240E+01 0.73681241E+01 -0.29999373E-01 0.86807317E-03 0.18928171E-03
 -0.21155218E+01 0.74032900E+01 -0.30197897E-01 0.87588929E-03 0.18896782E-03
 -0.21008335E+01 0.74399043E+01 -0.30470117E-01 0.89029223E-03 0.19099621E-03
 -0.20859979E+01 0.74814683E+01 -0.30888292E-01 0.91578230E-03 0.19337219E-03
 -0.20708978E+01 0.75107730E+01 -0.30878349E-01 0.90617701E-03 0.19502690E-03
 -0.20556476E+01 0.75521190E+01 -0.31250973E-01 0.92745886E-03 0.19337825E-03
 -0.20401255E+01 0.75864168E+01 -0.31372248E-01 0.92770401E-03 0.19382364E-03
 -0.20243770E+01 0.76194112E+01 -0.31494779E-01 0.92817853E-03 0.19441447E-03
 -0.20084279E+01 0.76571763E+01 -0.31749912E-01 0.93928385E-03 0.19571762E-03
 -0.19922054E+01 0.76940304E+01 -0.31890777E-01 0.94019630E-03 0.19516811E-03
 -0.19757060E+01 0.77290979E+01 -0.32042581E-01 0.94452077E-03 0.19504883E-03
 -0.19588705E+01 0.77603361E+01 -0.32107609E-01 0.94179478E-03 0.19862464E-03
 -0.19417896E+01 0.77986080E+01 -0.32296169E-01 0.94331102E-03 0.20244403E-03
 -0.19243990E+01 0.78428906E+01 -0.32723031E-01 0.96781242E-03 0.20383039E-03
 -0.19066821E+01 0.78833353E+01 -0.33077567E-01 0.98849064E-03 0.20817849E-03
 -0.18886112E+01 0.79268935E+01 -0.33404454E-01 0.10020757E-02 0.20605805E-03
 -0.18700864E+01 0.79541189E+01 -0.33265777E-01 0.98201930E-03 0.20811930E-03
 -0.18512543E+01 0.79868350E+01 -0.33202891E-01 0.96591937E-03 0.20701479E-03
 -0.18319228E+01 0.80179038E+01 -0.33223407E-01 0.96217549E-03 0.20797623E-03
 -0.18122005E+01 0.80673479E+01 -0.33770717E-01 0.99365221E-03 0.20961882E-03
 -0.17919313E+01 0.80991480E+01 -0.33797221E-01 0.98857250E-03 0.21259432E-03
 -0.17711474E+01 0.81349839E+01 -0.33922827E-01 0.98754109E-03 0.21448979E-03
 -0.17498268E+01 0.81691047E+01 -0.33892839E-01 0.97321351E-03 0.21738660E-03
 -0.17279507E+01 0.82078822E+01 -0.34157080E-01 0.98441072E-03 0.22171261E-03
 -0.17054598E+01 0.82487508E+01 -0.34309635E-01 0.98362243E-03 0.22298611E-03
 -0.16823204E+01 0.82925604E+01 -0.34547030E-01 0.98707467E-03 0.22616138E-03
 -0.16583965E+01 0.83383872E+01 -0.34823673E-01 0.99389288E-03 0.23192367E-03
 -0.16336866E+01 0.83828507E+01 -0.35086530E-01 0.10026122E-02 0.23495213E-03
 -0.16080667E+01 0.84380085E+01 -0.35771483E-01 0.10486111E-02 0.24107209E-03
 -0.15813849E+01 0.84694726E+01 -0.35627631E-01 0.10290425E-02 0.24341143E-03
 -0.15537350E+01 0.85101870E+01 -0.35730134E-01 0.10263060E-02 0.24832292E-03
 -0.15249124E+01 0.85511932E+01 -0.35693482E-01 0.10101548E-02 0.25263148E-03
 -0.14948357E+01 0.85944255E+01 -0.35612574E-01 0.98439537E-03 0.25097081E-03
 -0.14632373E+01 0.86420504E+01 -0.36044382E-01 0.10125197E-02 0.25470959E-03
 -0.14302627E+01 0.87168866E+01 -0.37124348E-01 0.10869345E-02 0.26220800E-03
 -0.13952069E+01 0.87610676E+01 -0.37151907E-01 0.10731067E-02 0.27294248E-03
 -0.13580798E+01 0.88243800E+01 -0.37827914E-01 0.11111522E-02 0.27963669E-03
 -0.13184735E+01 0.88715088E+01 -0.38077479E-01 0.11223089E-02 0.28569334E-03
 -0.12761402E+01 0.89296604E+01 -0.38209512E-01 0.11121290E-02 0.30141132E-03
 -0.12304399E+01 0.89867809E+01 -0.38599493E-01 0.11342350E-02 0.31203222E-03
 -0.11808084E+01 0.90590657E+01 -0.39260322E-01 0.11742686E-02 0.32761182E-03
 -0.11262803E+01 0.91211114E+01 -0.39463586E-01 0.11783779E-02 0.34209109E-03
 -0.10656870E+01 0.91929295E+01 -0.39803677E-01 0.11930689E-02 0.36193922E-03
 -0.99737069E+00 0.93142273E+01 -0.41683095E-01 0.13337492E-02 0.37901765E-03
 -0.91847117E+00 0.94176708E+01 -0.42728556E-01 0.14259335E-02 0.40177722E-03
 -0.82429095E+00 0.95137439E+01 -0.43171443E-01 0.14718563E-02 0.43715982E-03
 -0.70700799E+00 0.97043689E+01 -0.45296631E-01 0.16209329E-02 0.50635186E-03
 -0.54807011E+00 0.98896507E+01 -0.46142964E-01 0.17031708E-02 0.59444006E-03
 -0.50769433E+00 0.99070228E+01 -0.45530986E-01 0.16803755E-02 0.63802082E-03
 -0.46298729E+00 0.99071871E+01 -0.44645551E-01 0.16489556E-02 0.67323657E-03
 -0.41324475E+00 0.99581047E+01 -0.44238425E-01 0.16185181E-02 0.70640958E-03
 -0.35637506E+00 0.10006738E+02 -0.43652314E-01 0.15978415E-02 0.74710227E-03
 -0.29054476E+00 0.10074709E+02 -0.43288782E-01 0.15974352E-02 0.80636306E-03
 -0.21136287E+00 0.10104615E+02 -0.41238554E-01 0.14797215E-02 0.86819297E-03
 -0.11251868E+00 0.10292276E+02 -0.43042334E-01 0.16548825E-02 0.97126161E-03
 0.23016737E-01 0.10461360E+02 -0.41837064E-01 0.16360352E-02 0.11537897E-02
 0.24444973E+00 0.10470168E+02 -0.27706942E-01 0.76803597E-03 0.15368696E-02
 0.45629808E+00 0.10606146E+02 -0.18059506E-01 0.29819821E-03 0.20544638E-02
 0.72077199E+00 0.10906556E+02 -0.81420706E-02 0.56768828E-04 0.29366569E-02
 0.91481376E+00 0.10877769E+02 0.82029573E-02 -0.65314959E-03 0.39648208E-02
ecmctt    3  6  5   25
 -0.62249490E+01 -0.36150661E+02 -0.20338898E+00 -0.30184790E-01 0.42862943E-02
 -0.60676222E+01 -0.33225139E+02 -0.14625719E+00 -0.25208494E-01 0.33564357E-02
 -0.58513042E+01 -0.29021452E+02 -0.79875264E-01 -0.23216583E-01 0.21072811E-02
 -0.56826468E+01 -0.25285305E+02 -0.52657836E-01 -0.19900671E-01 0.14560317E-02
 -0.55021665E+01 -0.21728145E+02 -0.35366710E-01 -0.15439321E-01 0.11197280E-02
 -0.53917826E+01 -0.19664721E+02 -0.23181029E-01 -0.13914963E-01 0.97106064E-03
 -0.53109443E+01 -0.18208154E+02 -0.14620246E-01 -0.13049120E-01 0.82397631E-03
 -0.52470184E+01 -0.17024408E+02 -0.12519538E-01 -0.11828394E-01 0.75728194E-03
 -0.51938927E+01 -0.15969617E+02 -0.13672750E-01 -0.10685639E-01 0.70572907E-03
 -0.51475877E+01 -0.15192674E+02 -0.12616110E-01 -0.97200766E-02 0.64281237E-03
 -0.51073372E+01 -0.14469758E+02 -0.12053220E-01 -0.91034540E-02 0.61646225E-03
 -0.50714403E+01 -0.13764488E+02 -0.15956377E-01 -0.78885548E-02 0.61320317E-03
 -0.50386793E+01 -0.13212159E+02 -0.13967389E-01 -0.76637334E-02 0.60393649E-03
 -0.49087087E+01 -0.11034774E+02 -0.14887041E-01 -0.56387663E-02 0.50664098E-03
 -0.48115721E+01 -0.95809289E+01 -0.13206219E-01 -0.44931474E-02 0.43873780E-03
 -0.47330825E+01 -0.85312305E+01 -0.81011538E-02 -0.42211415E-02 0.40214189E-03
 -0.46672500E+01 -0.76802319E+01 -0.24798514E-02 -0.43516289E-02 0.37417024E-03
 -0.46100422E+01 -0.68727676E+01 -0.41023380E-02 -0.36316989E-02 0.36145350E-03
 -0.45591732E+01 -0.62032482E+01 -0.36881192E-02 -0.32452707E-02 0.32997380E-03
 -0.45132130E+01 -0.56262805E+01 -0.32531752E-02 -0.29317878E-02 0.30913830E-03
 -0.44710874E+01 -0.51486590E+01 -0.43399182E-03 -0.29758685E-02 0.30057761E-03
 -0.44322933E+01 -0.47121111E+01 0.13824798E-02 -0.28963736E-02 0.29373449E-03
 -0.43963002E+01 -0.42798810E+01 0.15293397E-02 -0.26406354E-02 0.29040685E-03
 -0.43625598E+01 -0.38781959E+01 0.99505132E-03 -0.23360620E-02 0.28012225E-03
 -0.43307856E+01 -0.35272498E+01 0.17550597E-02 -0.22343234E-02 0.27568714E-03
 -0.43006180E+01 -0.32209701E+01 0.30578415E-02 -0.22030890E-02 0.27581834E-03
 -0.42720284E+01 -0.29073849E+01 0.30791528E-02 -0.20343058E-02 0.27081408E-03
 -0.42448588E+01 -0.25971482E+01 0.25201523E-02 -0.18056088E-02 0.26451565E-03
 -0.42187896E+01 -0.23158594E+01 0.22970278E-02 -0.16416267E-02 0.26402788E-03
 -0.41938755E+01 -0.20444086E+01 0.21918312E-02 -0.15382775E-02 0.26203581E-03
 -0.41698365E+01 -0.18073874E+01 0.27534298E-02 -0.14979643E-02 0.25756992E-03
 -0.41464889E+01 -0.16105195E+01 0.45417941E-02 -0.16105964E-02 0.25750861E-03
 -0.41240237E+01 -0.14041331E+01 0.54401071E-02 -0.16310841E-02 0.25332213E-03
 -0.41022034E+01 -0.12278047E+01 0.72476866E-02 -0.17569934E-02 0.25042550E-03
 -0.40811664E+01 -0.10254353E+01 0.72319513E-02 -0.16678339E-02 0.24783346E-03
 -0.40607893E+01 -0.82653207E+00 0.72244291E-02 -0.16089452E-02 0.24401576E-03
 -0.40410045E+01 -0.63808685E+00 0.74940798E-02 -0.16023400E-02 0.24231351E-03
 -0.40217179E+01 -0.46189819E+00 0.80033207E-02 -0.16290129E-02 0.24168446E-03
 -0.40029687E+01 -0.27534216E+00 0.74541813E-02 -0.14863638E-02 0.23984108E-03
 -0.39846922E+01 -0.95551714E-01 0.69643424E-02 -0.13659640E-02 0.23754820E-03
 -0.39667194E+01 0.64279490E-01 0.73415031E-02 -0.13679987E-02 0.23457099E-03
 -0.39492195E+01 0.22437084E+00 0.73876224E-02 -0.13381771E-02 0.23253164E-03
 -0.39321433E+01 0.39115632E+00 0.68911704E-02 -0.12404579E-02 0.22958653E-03
 -0.39153203E+01 0.52695338E+00 0.75284416E-02 -0.12887372E-02 0.22998077E-03
 -0.38987562E+01 0.66501943E+00 0.77552667E-02 -0.12901720E-02 0.22756727E-03
 -0.38825938E+01 0.81343391E+00 0.73537991E-02 -0.12064346E-02 0.22717658E-03
 -0.38667244E+01 0.95103664E+00 0.73920807E-02 -0.11954168E-02 0.22446591E-03
 -0.38511096E+01 0.10741660E+01 0.78139830E-02 -0.12114408E-02 0.22275866E-03
 -0.38356710E+01 0.11925312E+01 0.83084130E-02 -0.12581292E-02 0.22169600E-03
 -0.38205737E+01 0.13175652E+01 0.83135471E-02 -0.12229865E-02 0.22319061E-03
 -0.38057432E+01 0.14499063E+01 0.79162031E-02 -0.11543453E-02 0.22198853E-03
 -0.37911554E+01 0.15805304E+01 0.75881649E-02 -0.11167191E-02 0.22170382E-03
 -0.37766553E+01 0.16865950E+01 0.80092566E-02 -0.11536458E-02 0.21998523E-03
 -0.37624237E+01 0.18112340E+01 0.73083455E-02 -0.10427798E-02 0.21992387E-03
 -0.37483893E+01 0.19303343E+01 0.68298075E-02 -0.95890357E-03 0.21544156E-03
 -0.37345201E+01 0.20517389E+01 0.61045365E-02 -0.84564889E-03 0.21240821E-03
 -0.37207998E+01 0.21511806E+01 0.63791887E-02 -0.85851538E-03 0.21035748E-03
 -0.37072761E+01 0.22575655E+01 0.63473472E-02 -0.84434314E-03 0.20909736E-03
 -0.36939073E+01 0.23624409E+01 0.61741345E-02 -0.80649047E-03 0.21004687E-03
 -0.36806832E+01 0.24657417E+01 0.58977081E-02 -0.74388887E-03 0.20874800E-03
 -0.36676433E+01 0.25707624E+01 0.55081561E-02 -0.68834207E-03 0.20707990E-03
 -0.36546658E+01 0.26576439E+01 0.59296875E-02 -0.73071547E-03 0.20400248E-03
 -0.36418298E+01 0.27475643E+01 0.61555183E-02 -0.74519783E-03 0.20428297E-03
 -0.36291026E+01 0.28345599E+01 0.63038644E-02 -0.73772746E-03 0.20664755E-03
 -0.36165933E+01 0.29385713E+01 0.56021620E-02 -0.63211434E-03 0.20810110E-03
 -0.36041211E+01 0.30189570E+01 0.61815276E-02 -0.69933985E-03 0.20560737E-03
 -0.35917657E+01 0.31090414E+01 0.60185626E-02 -0.66586212E-03 0.20715434E-03
 -0.35795209E+01 0.31939832E+01 0.59905936E-02 -0.64485566E-03 0.20574908E-03
 -0.35673604E+01 0.32760578E+01 0.61172288E-02 -0.66054481E-03 0.20556531E-03
 -0.35552938E+01 0.33510505E+01 0.65112173E-02 -0.69700098E-03 0.20367098E-03
 -0.35433411E+01 0.34384006E+01 0.61304451E-02 -0.64123513E-03 0.20464527E-03
 -0.35314393E+01 0.35123789E+01 0.64689453E-02 -0.67258722E-03 0.20307789E-03
 -0.35197106E+01 0.35996313E+01 0.60968393E-02 -0.61405215E-03 0.20258069E-03
 -0.35080819E+01 0.36962740E+01 0.52386739E-02 -0.51021423E-03 0.19848123E-03
 -0.34964716E+01 0.37797272E+01 0.50102639E-02 -0.47983600E-03 0.20012270E-03
 -0.34849345E+01 0.38611847E+01 0.48117358E-02 -0.45374337E-03 0.19855287E-03
 -0.34734695E+01 0.39395772E+01 0.46057527E-02 -0.42250560E-03 0.19819048E-03
 -0.34620548E+01 0.40145173E+01 0.45957763E-02 -0.42116196E-03 0.19700599E-03
 -0.34507371E+01 0.40914488E+01 0.44697521E-02 -0.40785694E-03 0.19664256E-03
 -0.34394457E+01 0.41743650E+01 0.37410684E-02 -0.29961295E-03 0.19576173E-03
 -0.34281824E+01 0.42401563E+01 0.38333388E-02 -0.29973464E-03 0.19451908E-03
 -0.34170404E+01 0.43107562E+01 0.39488695E-02 -0.31751661E-03 0.19305669E-03
 -0.34058797E+01 0.43750848E+01 0.40451198E-02 -0.32044021E-03 0.19178067E-03
 -0.33948237E+01 0.44456240E+01 0.40502863E-02 -0.33395585E-03 0.19211157E-03
 -0.33838133E+01 0.45176575E+01 0.36298440E-02 -0.26036820E-03 0.18908203E-03
 -0.33728603E+01 0.45928359E+01 0.30566146E-02 -0.18033905E-03 0.18857091E-03
 -0.33618739E+01 0.46542614E+01 0.31175110E-02 -0.17841394E-03 0.18847833E-03
 -0.33509622E+01 0.47100560E+01 0.36282563E-02 -0.25376925E-03 0.18679198E-03
 -0.33401404E+01 0.47825194E+01 0.31742754E-02 -0.18939338E-03 0.18541824E-03
 -0.33293153E+01 0.48440254E+01 0.32369998E-02 -0.19595573E-03 0.18543517E-03
 -0.33185242E+01 0.48998146E+01 0.36705068E-02 -0.25761816E-03 0.18440665E-03
 -0.33077418E+01 0.49596755E+01 0.37049655E-02 -0.26055180E-03 0.18290716E-03
 -0.32970158E+01 0.50244282E+01 0.34976076E-02 -0.23779898E-03 0.18268437E-03
 -0.32863660E+01 0.50943118E+01 0.31063430E-02 -0.18793030E-03 0.18285709E-03
 -0.32757084E+01 0.51566134E+01 0.30085871E-02 -0.18246773E-03 0.18178729E-03
 -0.32650680E+01 0.52165833E+01 0.29527546E-02 -0.17200475E-03 0.18191977E-03
 -0.32544187E+01 0.52703159E+01 0.31791532E-02 -0.20517555E-03 0.18243705E-03
 -0.32438031E+01 0.53203925E+01 0.36384090E-02 -0.26890030E-03 0.18367995E-03
 -0.32332182E+01 0.53778194E+01 0.35082685E-02 -0.24143295E-03 0.18490226E-03
 -0.32226466E+01 0.54354813E+01 0.34367195E-02 -0.23418483E-03 0.18804482E-03
 -0.32121183E+01 0.55010513E+01 0.29728028E-02 -0.18457475E-03 0.18489517E-03
 -0.32016010E+01 0.55616159E+01 0.26837063E-02 -0.14570342E-03 0.18625582E-03
 -0.31910371E+01 0.56142017E+01 0.27349822E-02 -0.15525978E-03 0.18747164E-03
 -0.31805551E+01 0.56738052E+01 0.25600927E-02 -0.14251219E-03 0.18796862E-03
 -0.31700946E+01 0.57445403E+01 0.17057583E-02 -0.30601219E-04 0.18881953E-03
 -0.31595674E+01 0.57906034E+01 0.22578838E-02 -0.11240809E-03 0.18949913E-03
 -0.31490323E+01 0.58304371E+01 0.30111892E-02 -0.21918832E-03 0.18868204E-03
 -0.31385050E+01 0.58810093E+01 0.29541855E-02 -0.19992746E-03 0.18917859E-03
 -0.31279669E+01 0.59253116E+01 0.33216577E-02 -0.25029512E-03 0.19017487E-03
 -0.31174711E+01 0.59710626E+01 0.36595821E-02 -0.29426304E-03 0.19040366E-03
 -0.31070048E+01 0.60251169E+01 0.35692726E-02 -0.28548779E-03 0.18809308E-03
 -0.30965577E+01 0.60869074E+01 0.30604044E-02 -0.22900663E-03 0.18640493E-03
 -0.30860905E+01 0.61390000E+01 0.31136628E-02 -0.24515970E-03 0.18548014E-03
 -0.30756260E+01 0.61916797E+01 0.32759120E-02 -0.28429440E-03 0.18660754E-03
 -0.30651030E+01 0.62461308E+01 0.31157445E-02 -0.27383519E-03 0.18384860E-03
 -0.30545607E+01 0.62916267E+01 0.33350200E-02 -0.29914353E-03 0.18270040E-03
 -0.30440082E+01 0.63412316E+01 0.34943411E-02 -0.33961166E-03 0.18115102E-03
 -0.30334628E+01 0.63949979E+01 0.32536342E-02 -0.31050409E-03 0.18267544E-03
 -0.30229443E+01 0.64493373E+01 0.31777909E-02 -0.32031264E-03 0.18376106E-03
 -0.30122991E+01 0.64893413E+01 0.35574288E-02 -0.36847784E-03 0.18297037E-03
 -0.30016833E+01 0.65406277E+01 0.34878580E-02 -0.37266797E-03 0.18240080E-03
 -0.29910240E+01 0.65868933E+01 0.34298978E-02 -0.35720415E-03 0.18266460E-03
 -0.29804191E+01 0.66405490E+01 0.33230619E-02 -0.35653331E-03 0.18237111E-03
 -0.29697750E+01 0.66963108E+01 0.28229831E-02 -0.29036324E-03 0.18143290E-03
 -0.29591048E+01 0.67467676E+01 0.27798724E-02 -0.29860370E-03 0.18292665E-03
 -0.29483519E+01 0.67866882E+01 0.31742017E-02 -0.35367279E-03 0.18520198E-03
 -0.29375671E+01 0.68311733E+01 0.33431600E-02 -0.38392577E-03 0.18578198E-03
 -0.29267701E+01 0.68807631E+01 0.31110698E-02 -0.35281649E-03 0.18417269E-03
 -0.29159454E+01 0.69268737E+01 0.31534335E-02 -0.36842166E-03 0.18362254E-03
 -0.29050435E+01 0.69727583E+01 0.29921246E-02 -0.34290500E-03 0.18521529E-03
 -0.28941615E+01 0.70270553E+01 0.25051530E-02 -0.28116118E-03 0.18827991E-03
 -0.28832269E+01 0.70729658E+01 0.25754174E-02 -0.29809818E-03 0.18926273E-03
 -0.28722054E+01 0.71132414E+01 0.29437099E-02 -0.35816376E-03 0.18751365E-03
 -0.28611985E+01 0.71682955E+01 0.24607073E-02 -0.29996940E-03 0.18820077E-03
 -0.28501876E+01 0.72345110E+01 0.14661708E-02 -0.18827204E-03 0.18817201E-03
 -0.28389937E+01 0.72683068E+01 0.20653722E-02 -0.26863286E-03 0.18753568E-03
 -0.28278132E+01 0.73164001E+01 0.19434459E-02 -0.26726432E-03 0.18834936E-03
 -0.28165857E+01 0.73662083E+01 0.17257785E-02 -0.24359687E-03 0.19076015E-03
 -0.28053308E+01 0.74233699E+01 0.11361787E-02 -0.17618441E-03 0.18962363E-03
 -0.27939131E+01 0.74560224E+01 0.18430869E-02 -0.27904750E-03 0.19107581E-03
 -0.27824771E+01 0.75004661E+01 0.17888291E-02 -0.26717251E-03 0.19438803E-03
 -0.27710187E+01 0.75513629E+01 0.14773815E-02 -0.23153498E-03 0.19438696E-03
 -0.27594296E+01 0.75903851E+01 0.17125739E-02 -0.25917149E-03 0.19524295E-03
 -0.27478075E+01 0.76373853E+01 0.15540245E-02 -0.24394854E-03 0.19778631E-03
 -0.27361019E+01 0.76873594E+01 0.11351650E-02 -0.18560872E-03 0.20176445E-03
 -0.27243252E+01 0.77357275E+01 0.88630848E-03 -0.14990465E-03 0.20170783E-03
 -0.27124579E+01 0.77862657E+01 0.59645062E-03 -0.12382417E-03 0.20257953E-03
 -0.27005316E+01 0.78398197E+01 0.12235921E-03 -0.70950931E-04 0.20348635E-03
 -0.26885220E+01 0.78933617E+01 -0.32768636E-03 -0.22247433E-04 0.20534179E-03
 -0.26764304E+01 0.79483284E+01 -0.71489052E-03 0.11533716E-04 0.20535401E-03
 -0.26641633E+01 0.79884700E+01 -0.49691952E-03 -0.30583232E-04 0.20457047E-03
 -0.26518164E+01 0.80376702E+01 -0.74263224E-03 -0.15045902E-04 0.20536715E-03
 -0.26393660E+01 0.80854173E+01 -0.99857255E-03 0.11004248E-04 0.20491858E-03
 -0.26268271E+01 0.81397107E+01 -0.13422565E-02 0.30551380E-04 0.20645479E-03
 -0.26141732E+01 0.81933242E+01 -0.17994085E-02 0.81844172E-04 0.20758818E-03
 -0.26014368E+01 0.82465303E+01 -0.21232627E-02 0.11387768E-03 0.20810867E-03
 -0.25885723E+01 0.83054257E+01 -0.27900200E-02 0.18404549E-03 0.21104022E-03
 -0.25755487E+01 0.83565259E+01 -0.30158162E-02 0.20133110E-03 0.21339537E-03
 -0.25623589E+01 0.84024082E+01 -0.31829923E-02 0.23068384E-03 0.21371410E-03
 -0.25489829E+01 0.84524346E+01 -0.37447446E-02 0.31598699E-03 0.21323044E-03
 -0.25354579E+01 0.85016057E+01 -0.41436236E-02 0.36557873E-03 0.21491849E-03
 -0.25217946E+01 0.85403759E+01 -0.36526379E-02 0.27371058E-03 0.21667761E-03
 -0.25079593E+01 0.85799911E+01 -0.33194454E-02 0.21071317E-03 0.21789693E-03
 -0.24940346E+01 0.86392170E+01 -0.39375581E-02 0.27161252E-03 0.21874658E-03
 -0.24798468E+01 0.86800362E+01 -0.38409863E-02 0.26521582E-03 0.21763231E-03
 -0.24654363E+01 0.87172235E+01 -0.34782426E-02 0.21714821E-03 0.21838449E-03
 -0.24508252E+01 0.87554916E+01 -0.31292857E-02 0.15908584E-03 0.21987120E-03
 -0.24360852E+01 0.88104106E+01 -0.33923724E-02 0.15935630E-03 0.21885335E-03
 -0.24211777E+01 0.88618702E+01 -0.34882338E-02 0.15533738E-03 0.21874175E-03
 -0.24059432E+01 0.88935945E+01 -0.27077206E-02 0.48329832E-04 0.21888052E-03
 -0.23904372E+01 0.89326431E+01 -0.23864094E-02 0.72802582E-05 0.21962930E-03
 -0.23746896E+01 0.89702858E+01 -0.19464084E-02 -0.58114443E-04 0.21873701E-03
 -0.23587454E+01 0.90242985E+01 -0.21422347E-02 -0.62156623E-04 0.22275729E-03
 -0.23425049E+01 0.90778977E+01 -0.24478487E-02 -0.33168434E-04 0.22437029E-03
 -0.23259927E+01 0.91376439E+01 -0.30135252E-02 0.28358262E-04 0.22649136E-03
 -0.23091605E+01 0.91925219E+01 -0.31548160E-02 0.19870813E-04 0.22642312E-03
 -0.22919627E+01 0.92294847E+01 -0.25224440E-02 -0.67911826E-04 0.22794349E-03
 -0.22744597E+01 0.92909799E+01 -0.31902247E-02 0.15305309E-04 0.23183939E-03
 -0.22564881E+01 0.93441862E+01 -0.34594976E-02 0.30062925E-04 0.23406539E-03
 -0.22381758E+01 0.93990650E+01 -0.36295166E-02 0.33733348E-04 0.23579561E-03
 -0.22193782E+01 0.94298566E+01 -0.26110972E-02 -0.10822772E-03 0.23624121E-03
 -0.22002105E+01 0.94841693E+01 -0.27159309E-02 -0.11557689E-03 0.23721068E-03
 -0.21805740E+01 0.95472856E+01 -0.33378967E-02 -0.39382285E-04 0.23429229E-03
 -0.21603646E+01 0.95952617E+01 -0.29836844E-02 -0.10621546E-03 0.24000505E-03
 -0.21395498E+01 0.96405198E+01 -0.26238102E-02 -0.15946939E-03 0.23995914E-03
 -0.21183127E+01 0.97086925E+01 -0.31340295E-02 -0.12288414E-03 0.24855094E-03
 -0.20963736E+01 0.97695862E+01 -0.32046791E-02 -0.13500645E-03 0.25158502E-03
 -0.20736566E+01 0.98233586E+01 -0.32604464E-02 -0.12165524E-03 0.25451492E-03
 -0.20501392E+01 0.98710343E+01 -0.29761651E-02 -0.16182595E-03 0.26090758E-03
 -0.20258441E+01 0.99227442E+01 -0.27481064E-02 -0.17658366E-03 0.26253705E-03
 -0.20007604E+01 0.99893735E+01 -0.27799224E-02 -0.19686982E-03 0.26528451E-03
 -0.19745537E+01 0.10032152E+02 -0.16246730E-02 -0.36656127E-03 0.26767164E-03
 -0.19472043E+01 0.10066271E+02 0.16229160E-03 -0.64056553E-03 0.27388851E-03
 -0.19188644E+01 0.10163967E+02 -0.11526856E-02 -0.50863425E-03 0.27909474E-03
 -0.18890585E+01 0.10253156E+02 -0.21902104E-02 -0.39617080E-03 0.28606298E-03
 -0.18577769E+01 0.10354295E+02 -0.40511955E-02 -0.15747102E-03 0.29007009E-03
 -0.18247461E+01 0.10447959E+02 -0.49197214E-02 -0.65758168E-04 0.29995485E-03
 -0.17894716E+01 0.10505716E+02 -0.43146302E-02 -0.15704690E-03 0.31388072E-03
 -0.17519359E+01 0.10545096E+02 -0.24228764E-02 -0.39926369E-03 0.32731402E-03
 -0.17119590E+01 0.10621706E+02 -0.14131967E-02 -0.60029570E-03 0.33622274E-03
 -0.16686838E+01 0.10705254E+02 -0.15383833E-02 -0.60183784E-03 0.34942265E-03
 -0.16217873E+01 0.10831645E+02 -0.31407841E-02 -0.42326572E-03 0.35978688E-03
 -0.15701883E+01 0.10937782E+02 -0.35452967E-02 -0.36922230E-03 0.38101342E-03
 -0.15126974E+01 0.11013450E+02 -0.92796524E-03 -0.79714159E-03 0.40325992E-03
 -0.14479508E+01 0.11211052E+02 -0.46258759E-02 -0.38937946E-03 0.41586106E-03
 -0.13729012E+01 0.11362640E+02 -0.53240689E-02 -0.32648618E-03 0.44593847E-03
 -0.12833928E+01 0.11549753E+02 -0.70481742E-02 -0.13319674E-03 0.48689546E-03
 -0.11716028E+01 0.11808144E+02 -0.12221917E-01 0.64122042E-03 0.54855843E-03
 -0.10207126E+01 0.12142223E+02 -0.15039558E-01 0.10128930E-02 0.64441484E-03
 -0.98262563E+00 0.12268083E+02 -0.17890813E-01 0.13711210E-02 0.68415625E-03
 -0.94011094E+00 0.12319283E+02 -0.16645901E-01 0.11579774E-02 0.72658302E-03
 -0.89260964E+00 0.12368754E+02 -0.15897129E-01 0.12276610E-02 0.74337207E-03
 -0.83872445E+00 0.12452821E+02 -0.15358240E-01 0.10994145E-02 0.80682012E-03
 -0.77577777E+00 0.12480116E+02 -0.12141032E-01 0.84542603E-03 0.88031558E-03
 -0.70025284E+00 0.12603989E+02 -0.14232857E-01 0.13471281E-02 0.93495511E-03
 -0.60536485E+00 0.12904533E+02 -0.19578807E-01 0.19506599E-02 0.10828460E-02
 -0.47415059E+00 0.12943968E+02 -0.10835865E-01 0.11145887E-02 0.13138098E-02
 -0.26019673E+00 0.13406702E+02 -0.18259443E-01 0.29075803E-02 0.16808322E-02
 -0.58381630E-01 0.13788681E+02 -0.92166980E-02 0.20418137E-02 0.22540689E-02
 0.19731756E+00 0.14136672E+02 -0.47121034E-02 0.36962214E-02 0.34110928E-02
 0.38293451E+00 0.14612288E+02 -0.16294069E-01 0.75269393E-02 0.47077480E-02
