Copyright (c) James G. MacKinnon, 1999
ecmnc     2  2  6   20
 -0.48856488E+01 -0.21300648E+02 -0.81499658E-01 0.35553032E-02
 -0.47245836E+01 -0.18447082E+02 -0.65376542E-01 0.26833099E-02
 -0.44953075E+01 -0.15403728E+02 -0.44621727E-01 0.17918395E-02
 -0.43145366E+01 -0.12918169E+02 -0.35891818E-01 0.12799022E-02
 -0.41219126E+01 -0.10796216E+02 -0.24546327E-01 0.98466243E-03
 -0.40031817E+01 -0.95572870E+01 -0.19847533E-01 0.79365258E-03
 -0.39164102E+01 -0.87283085E+01 -0.16358628E-01 0.66405219E-03
 -0.38474750E+01 -0.80698412E+01 -0.14632314E-01 0.59662584E-03
 -0.37895241E+01 -0.75391956E+01 -0.13159900E-01 0.56383440E-03
 -0.37402581E+01 -0.70487136E+01 -0.12720980E-01 0.51730967E-03
 -0.36966956E+01 -0.66615690E+01 -0.12077966E-01 0.49297623E-03
 -0.36574760E+01 -0.63173617E+01 -0.11738537E-01 0.47805145E-03
 -0.36218904E+01 -0.60154921E+01 -0.11346907E-01 0.45797417E-03
 -0.34808451E+01 -0.49147584E+01 -0.91003766E-02 0.40103907E-03
 -0.33754995E+01 -0.42141249E+01 -0.68126304E-02 0.36577829E-03
 -0.32904195E+01 -0.36692298E+01 -0.54436773E-02 0.33505954E-03
 -0.32187498E+01 -0.32211176E+01 -0.47588732E-02 0.30288536E-03
 -0.31566019E+01 -0.28296547E+01 -0.45499950E-02 0.28759687E-03
 -0.31010498E+01 -0.25170881E+01 -0.40409620E-02 0.27669597E-03
 -0.30511751E+01 -0.22297950E+01 -0.37882149E-02 0.26622335E-03
 -0.30052603E+01 -0.19904706E+01 -0.35649647E-02 0.25734372E-03
 -0.29629550E+01 -0.17777720E+01 -0.32867964E-02 0.24918591E-03
 -0.29234844E+01 -0.15901298E+01 -0.30490148E-02 0.24531898E-03
 -0.28866707E+01 -0.13991741E+01 -0.31681312E-02 0.23493517E-03
 -0.28518835E+01 -0.12321254E+01 -0.32078517E-02 0.23183049E-03
 -0.28189142E+01 -0.10819887E+01 -0.31602887E-02 0.23214317E-03
 -0.27874513E+01 -0.94954800E+00 -0.29978983E-02 0.22763696E-03
 -0.27575163E+01 -0.81684131E+00 -0.30257277E-02 0.22210709E-03
 -0.27287186E+01 -0.70386723E+00 -0.29073503E-02 0.21470793E-03
 -0.27012857E+01 -0.58526122E+00 -0.29506590E-02 0.21245191E-03
 -0.26747018E+01 -0.48769090E+00 -0.28217303E-02 0.20650882E-03
 -0.26490526E+01 -0.38909866E+00 -0.28731241E-02 0.20716272E-03
 -0.26242582E+01 -0.29959533E+00 -0.28145430E-02 0.20090070E-03
 -0.26002396E+01 -0.21206374E+00 -0.27652197E-02 0.19819295E-03
 -0.25769433E+01 -0.12945205E+00 -0.27630198E-02 0.19293781E-03
 -0.25543129E+01 -0.46689519E-01 -0.28166361E-02 0.19083933E-03
 -0.25322280E+01 0.25640614E-01 -0.27919923E-02 0.19089800E-03
 -0.25107389E+01 0.96433919E-01 -0.28335386E-02 0.18938545E-03
 -0.24897951E+01 0.16634131E+00 -0.28974614E-02 0.18815199E-03
 -0.24693612E+01 0.23193527E+00 -0.29164882E-02 0.18890216E-03
 -0.24493048E+01 0.29304962E+00 -0.29268870E-02 0.18724136E-03
 -0.24297379E+01 0.35629498E+00 -0.29873955E-02 0.18764707E-03
 -0.24105735E+01 0.41409319E+00 -0.29952530E-02 0.18898514E-03
 -0.23917727E+01 0.47012338E+00 -0.29766992E-02 0.18398852E-03
 -0.23732759E+01 0.52366529E+00 -0.30175727E-02 0.18193723E-03
 -0.23551767E+01 0.58006638E+00 -0.31315880E-02 0.18135406E-03
 -0.23373469E+01 0.62916923E+00 -0.31375879E-02 0.18125229E-03
 -0.23197956E+01 0.67895997E+00 -0.31751039E-02 0.18003159E-03
 -0.23025208E+01 0.72434439E+00 -0.31716432E-02 0.18082969E-03
 -0.22855240E+01 0.76926841E+00 -0.31858137E-02 0.17849213E-03
 -0.22687749E+01 0.81665200E+00 -0.32735597E-02 0.17772285E-03
 -0.22522573E+01 0.85916920E+00 -0.32748042E-02 0.17717333E-03
 -0.22359396E+01 0.90244466E+00 -0.33719202E-02 0.17690822E-03
 -0.22197960E+01 0.94278230E+00 -0.34223108E-02 0.17730149E-03
 -0.22038960E+01 0.98310263E+00 -0.34686714E-02 0.17528397E-03
 -0.21881653E+01 0.10194193E+01 -0.34738327E-02 0.17403384E-03
 -0.21726541E+01 0.10590314E+01 -0.35792397E-02 0.17381323E-03
 -0.21573006E+01 0.10943512E+01 -0.35917558E-02 0.17397448E-03
 -0.21421080E+01 0.11331507E+01 -0.37039045E-02 0.17428959E-03
 -0.21269977E+01 0.11621515E+01 -0.36541298E-02 0.17365479E-03
 -0.21120789E+01 0.11938451E+01 -0.36816794E-02 0.17531047E-03
 -0.20973145E+01 0.12276869E+01 -0.37462301E-02 0.17420850E-03
 -0.20827174E+01 0.12603639E+01 -0.37905810E-02 0.17472611E-03
 -0.20681811E+01 0.12919789E+01 -0.38758644E-02 0.17175779E-03
 -0.20537620E+01 0.13218451E+01 -0.39309850E-02 0.16979833E-03
 -0.20394510E+01 0.13474484E+01 -0.39245839E-02 0.16887720E-03
 -0.20252813E+01 0.13739158E+01 -0.39333865E-02 0.16953115E-03
 -0.20111864E+01 0.14015534E+01 -0.39840941E-02 0.16979490E-03
 -0.19972486E+01 0.14311968E+01 -0.40622837E-02 0.16852175E-03
 -0.19833532E+01 0.14527411E+01 -0.40412573E-02 0.16747197E-03
 -0.19695656E+01 0.14788835E+01 -0.40783808E-02 0.16706300E-03
 -0.19558423E+01 0.15035016E+01 -0.41132310E-02 0.16804714E-03
 -0.19422401E+01 0.15282368E+01 -0.41615124E-02 0.16784875E-03
 -0.19286884E+01 0.15517656E+01 -0.42051818E-02 0.16692181E-03
 -0.19152466E+01 0.15757945E+01 -0.42457108E-02 0.16479329E-03
 -0.19018396E+01 0.15979995E+01 -0.42847725E-02 0.16464701E-03
 -0.18884628E+01 0.16168182E+01 -0.42880477E-02 0.16375939E-03
 -0.18751837E+01 0.16370829E+01 -0.43184289E-02 0.16376581E-03
 -0.18619859E+01 0.16585330E+01 -0.43467446E-02 0.16322243E-03
 -0.18488139E+01 0.16766725E+01 -0.43300596E-02 0.16429935E-03
 -0.18356680E+01 0.16934476E+01 -0.42985127E-02 0.16356458E-03
 -0.18226131E+01 0.17136702E+01 -0.43392506E-02 0.16533213E-03
 -0.18096019E+01 0.17323105E+01 -0.43477660E-02 0.16459436E-03
 -0.17966422E+01 0.17516136E+01 -0.43599905E-02 0.16612050E-03
 -0.17837098E+01 0.17691791E+01 -0.43914022E-02 0.16767677E-03
 -0.17707388E+01 0.17802710E+01 -0.43243941E-02 0.16682580E-03
 -0.17578786E+01 0.17999904E+01 -0.43997322E-02 0.16480427E-03
 -0.17450751E+01 0.18197167E+01 -0.44755145E-02 0.16422649E-03
 -0.17322830E+01 0.18366532E+01 -0.45262785E-02 0.16331529E-03
 -0.17195091E+01 0.18507383E+01 -0.45155757E-02 0.16442350E-03
 -0.17067232E+01 0.18633715E+01 -0.44939535E-02 0.16384413E-03
 -0.16940393E+01 0.18827420E+01 -0.45882227E-02 0.16368199E-03
 -0.16813432E+01 0.18988905E+01 -0.46207768E-02 0.16282815E-03
 -0.16686418E+01 0.19120904E+01 -0.46001447E-02 0.16539805E-03
 -0.16559503E+01 0.19263953E+01 -0.46316853E-02 0.16538770E-03
 -0.16432553E+01 0.19410036E+01 -0.46905486E-02 0.16453059E-03
 -0.16305851E+01 0.19504768E+01 -0.46292229E-02 0.16401197E-03
 -0.16179117E+01 0.19634331E+01 -0.46826430E-02 0.16519611E-03
 -0.16052721E+01 0.19773653E+01 -0.46912830E-02 0.16591570E-03
 -0.15925713E+01 0.19872943E+01 -0.46736450E-02 0.16592571E-03
 -0.15799593E+01 0.20021437E+01 -0.47338492E-02 0.16691743E-03
 -0.15673139E+01 0.20147842E+01 -0.47633888E-02 0.16517839E-03
 -0.15546540E+01 0.20251135E+01 -0.47625833E-02 0.16611891E-03
 -0.15419692E+01 0.20351060E+01 -0.47670057E-02 0.16450019E-03
 -0.15292785E+01 0.20486541E+01 -0.48365734E-02 0.16425896E-03
 -0.15166207E+01 0.20624463E+01 -0.48918019E-02 0.16516982E-03
 -0.15039191E+01 0.20711240E+01 -0.48774673E-02 0.16691203E-03
 -0.14912078E+01 0.20825870E+01 -0.49061566E-02 0.16754010E-03
 -0.14784402E+01 0.20893456E+01 -0.48810292E-02 0.16923667E-03
 -0.14656906E+01 0.20985111E+01 -0.48852301E-02 0.16932116E-03
 -0.14529158E+01 0.21078552E+01 -0.49046126E-02 0.16874830E-03
 -0.14400810E+01 0.21141321E+01 -0.48639158E-02 0.16778501E-03
 -0.14272494E+01 0.21205943E+01 -0.48367764E-02 0.16888985E-03
 -0.14143799E+01 0.21264720E+01 -0.48161517E-02 0.16820583E-03
 -0.14015374E+01 0.21378823E+01 -0.48616688E-02 0.16942672E-03
 -0.13886002E+01 0.21448167E+01 -0.48451658E-02 0.16970628E-03
 -0.13756979E+01 0.21538466E+01 -0.48572724E-02 0.16955171E-03
 -0.13627231E+01 0.21634540E+01 -0.49263451E-02 0.16939508E-03
 -0.13497025E+01 0.21721415E+01 -0.49656077E-02 0.16947703E-03
 -0.13366406E+01 0.21774916E+01 -0.49477329E-02 0.16996466E-03
 -0.13234942E+01 0.21828428E+01 -0.49274114E-02 0.16958097E-03
 -0.13103633E+01 0.21907431E+01 -0.49249030E-02 0.16997484E-03
 -0.12971378E+01 0.21963062E+01 -0.49097797E-02 0.16996461E-03
 -0.12838820E+01 0.22036324E+01 -0.49207573E-02 0.16938652E-03
 -0.12705693E+01 0.22103554E+01 -0.49501483E-02 0.17060753E-03
 -0.12571716E+01 0.22122766E+01 -0.49035506E-02 0.16924631E-03
 -0.12436787E+01 0.22149329E+01 -0.48738903E-02 0.17153175E-03
 -0.12302001E+01 0.22219160E+01 -0.48844452E-02 0.17121923E-03
 -0.12166621E+01 0.22305752E+01 -0.49377006E-02 0.17248687E-03
 -0.12030547E+01 0.22408882E+01 -0.50438450E-02 0.17287353E-03
 -0.11893597E+01 0.22442715E+01 -0.50123624E-02 0.17204301E-03
 -0.11756032E+01 0.22500508E+01 -0.50156030E-02 0.17202594E-03
 -0.11617846E+01 0.22577498E+01 -0.50857583E-02 0.17221856E-03
 -0.11478011E+01 0.22616566E+01 -0.50927820E-02 0.17216619E-03
 -0.11338307E+01 0.22696949E+01 -0.51253352E-02 0.17218780E-03
 -0.11197175E+01 0.22737862E+01 -0.51171872E-02 0.17350792E-03
 -0.11055435E+01 0.22759536E+01 -0.50751369E-02 0.17232828E-03
 -0.10912800E+01 0.22822985E+01 -0.51222215E-02 0.17582084E-03
 -0.10768462E+01 0.22830838E+01 -0.51031401E-02 0.17580344E-03
 -0.10623703E+01 0.22868301E+01 -0.51043914E-02 0.17703449E-03
 -0.10477838E+01 0.22896711E+01 -0.50916261E-02 0.17992493E-03
 -0.10330759E+01 0.22905064E+01 -0.50648750E-02 0.18177088E-03
 -0.10182825E+01 0.22922669E+01 -0.50242840E-02 0.18292796E-03
 -0.10033777E+01 0.22961934E+01 -0.50236404E-02 0.18238826E-03
 -0.98835431E+00 0.23008093E+01 -0.50621166E-02 0.18210956E-03
 -0.97320257E+00 0.23052530E+01 -0.50836440E-02 0.18351204E-03
 -0.95794483E+00 0.23095241E+01 -0.51159608E-02 0.18454276E-03
 -0.94251018E+00 0.23135154E+01 -0.51572231E-02 0.18593198E-03
 -0.92692413E+00 0.23177655E+01 -0.52043179E-02 0.18752983E-03
 -0.91123550E+00 0.23217352E+01 -0.52482642E-02 0.18966089E-03
 -0.89536200E+00 0.23224803E+01 -0.52296755E-02 0.19204689E-03
 -0.87934042E+00 0.23260053E+01 -0.52743299E-02 0.19407711E-03
 -0.86317437E+00 0.23297463E+01 -0.53165997E-02 0.19824023E-03
 -0.84683877E+00 0.23349928E+01 -0.53720092E-02 0.19843808E-03
 -0.83021563E+00 0.23277102E+01 -0.52713757E-02 0.20126320E-03
 -0.81354151E+00 0.23315918E+01 -0.53181725E-02 0.20186234E-03
 -0.79669004E+00 0.23375733E+01 -0.54015527E-02 0.20222792E-03
 -0.77956084E+00 0.23352705E+01 -0.53638846E-02 0.20233632E-03
 -0.76226705E+00 0.23364051E+01 -0.54058248E-02 0.20173754E-03
 -0.74476328E+00 0.23374352E+01 -0.54258120E-02 0.20181578E-03
 -0.72701146E+00 0.23332973E+01 -0.53530233E-02 0.20537525E-03
 -0.70908515E+00 0.23368678E+01 -0.54024457E-02 0.20531231E-03
 -0.69081291E+00 0.23317506E+01 -0.53537423E-02 0.20640124E-03
 -0.67234370E+00 0.23300934E+01 -0.53256736E-02 0.20703485E-03
 -0.65361453E+00 0.23291537E+01 -0.53373741E-02 0.20974767E-03
 -0.63458001E+00 0.23247623E+01 -0.53085107E-02 0.21101742E-03
 -0.61528309E+00 0.23219019E+01 -0.52907735E-02 0.21565060E-03
 -0.59566664E+00 0.23170522E+01 -0.52423093E-02 0.21656894E-03
 -0.57579125E+00 0.23182432E+01 -0.53018516E-02 0.21684250E-03
 -0.55555163E+00 0.23082221E+01 -0.51626036E-02 0.22163463E-03
 -0.53495683E+00 0.22972844E+01 -0.49904155E-02 0.22292848E-03
 -0.51409555E+00 0.22977594E+01 -0.50107379E-02 0.22674945E-03
 -0.49274178E+00 0.22902213E+01 -0.49354608E-02 0.22867137E-03
 -0.47103245E+00 0.22845191E+01 -0.48797862E-02 0.23047870E-03
 -0.44886369E+00 0.22759776E+01 -0.48023347E-02 0.23082718E-03
 -0.42629462E+00 0.22709302E+01 -0.47662882E-02 0.23180476E-03
 -0.40323565E+00 0.22612191E+01 -0.46673072E-02 0.23424790E-03
 -0.37983767E+00 0.22641477E+01 -0.47534463E-02 0.23646863E-03
 -0.35584596E+00 0.22601015E+01 -0.47593922E-02 0.23957448E-03
 -0.33128661E+00 0.22551977E+01 -0.47381757E-02 0.24095766E-03
 -0.30615763E+00 0.22525797E+01 -0.47740336E-02 0.24207195E-03
 -0.28034628E+00 0.22449257E+01 -0.46901265E-02 0.24628250E-03
 -0.25383677E+00 0.22390832E+01 -0.47162944E-02 0.24553667E-03
 -0.22669074E+00 0.22357011E+01 -0.47117220E-02 0.25234753E-03
 -0.19873601E+00 0.22293393E+01 -0.46766000E-02 0.25857042E-03
 -0.17013716E+00 0.22320300E+01 -0.47733007E-02 0.25942886E-03
 -0.14063745E+00 0.22388362E+01 -0.49464114E-02 0.26160930E-03
 -0.11009178E+00 0.22372275E+01 -0.50128635E-02 0.26620201E-03
 -0.78542155E-01 0.22281019E+01 -0.49016119E-02 0.26964147E-03
 -0.45931374E-01 0.22321460E+01 -0.50343959E-02 0.27538969E-03
 -0.12073298E-01 0.22275715E+01 -0.50122514E-02 0.28137486E-03
 0.23229998E-01 0.22126020E+01 -0.48580152E-02 0.28671314E-03
 0.59929854E-01 0.22109336E+01 -0.49377660E-02 0.29160807E-03
 0.98224997E-01 0.22101321E+01 -0.50045776E-02 0.29754845E-03
 0.13841853E+00 0.22035800E+01 -0.49956029E-02 0.29999979E-03
 0.18051320E+00 0.21980751E+01 -0.49648750E-02 0.30603840E-03
 0.22505739E+00 0.21805549E+01 -0.47509402E-02 0.31082543E-03
 0.27217031E+00 0.21697073E+01 -0.45336449E-02 0.31754272E-03
 0.32228896E+00 0.21565488E+01 -0.42505285E-02 0.32358162E-03
 0.37582625E+00 0.21484725E+01 -0.40619791E-02 0.34123329E-03
 0.43352391E+00 0.21385764E+01 -0.38643800E-02 0.34942685E-03
 0.49589154E+00 0.21494592E+01 -0.38774186E-02 0.36183341E-03
 0.56441162E+00 0.21535862E+01 -0.37347455E-02 0.37452806E-03
 0.64030186E+00 0.21496502E+01 -0.32622688E-02 0.39463298E-03
 0.72545537E+00 0.21857156E+01 -0.31802182E-02 0.40352746E-03
 0.82352915E+00 0.22101317E+01 -0.27588837E-02 0.42399701E-03
 0.94000290E+00 0.22417426E+01 -0.20964029E-02 0.46524353E-03
 0.10839035E+01 0.23268305E+01 -0.13564599E-02 0.50950135E-03
 0.12765681E+01 0.25347965E+01 -0.82291208E-03 0.62409247E-03
 0.13248702E+01 0.25829225E+01 -0.15767304E-03 0.64621626E-03
 0.13781791E+01 0.26558025E+01 -0.67843934E-04 0.67747755E-03
 0.14373971E+01 0.27304650E+01 0.54972435E-03 0.72675831E-03
 0.15046547E+01 0.28309892E+01 0.96421767E-03 0.78105820E-03
 0.15828419E+01 0.29449396E+01 0.18190387E-02 0.81070882E-03
 0.16758377E+01 0.31036898E+01 0.29810629E-02 0.87103987E-03
 0.17920494E+01 0.33581373E+01 0.46050052E-02 0.97764835E-03
 0.19506868E+01 0.36523855E+01 0.86220817E-02 0.11537708E-02
 0.22058779E+01 0.43879804E+01 0.13614812E-01 0.15754439E-02
 0.24427628E+01 0.54498240E+01 0.15794879E-01 0.20096650E-02
 0.27385280E+01 0.66217913E+01 0.29551298E-01 0.29565536E-02
 0.29504733E+01 0.78412330E+01 0.31360299E-01 0.38875270E-02
ecmc      2  3  7   25
 -0.53239860E+01 -0.25354115E+02 -0.16817547E+00 0.13145082E-01 0.42316001E-02
 -0.51585474E+01 -0.23937911E+02 -0.69187172E-01 0.32771376E-02 0.30401335E-02
 -0.49407936E+01 -0.19541166E+02 -0.53639897E-01 0.14614763E-02 0.19891065E-02
 -0.47641598E+01 -0.16594149E+02 -0.51229353E-01 0.25863302E-02 0.15751281E-02
 -0.45790765E+01 -0.13599422E+02 -0.60051756E-01 0.50546700E-02 0.11695637E-02
 -0.44636370E+01 -0.12451667E+02 -0.35713812E-01 0.24948477E-02 0.98898114E-03
 -0.43787860E+01 -0.11498181E+02 -0.29665294E-01 0.20255053E-02 0.87705859E-03
 -0.43126347E+01 -0.10647371E+02 -0.28866253E-01 0.21443412E-02 0.79120292E-03
 -0.42567249E+01 -0.10067889E+02 -0.25041187E-01 0.20335889E-02 0.72298278E-03
 -0.42091122E+01 -0.95662861E+01 -0.19478012E-01 0.12998894E-02 0.66315959E-03
 -0.41668147E+01 -0.91752728E+01 -0.14744340E-01 0.87352321E-03 0.62502924E-03
 -0.41290121E+01 -0.88653927E+01 -0.78241533E-02 0.30718695E-04 0.58471770E-03
 -0.40948802E+01 -0.85249716E+01 -0.56804048E-02 -0.13958607E-03 0.55310666E-03
 -0.39593978E+01 -0.71333938E+01 -0.45010175E-02 -0.58607622E-04 0.46029424E-03
 -0.38584182E+01 -0.62525185E+01 0.16228304E-03 -0.42540455E-03 0.40810084E-03
 -0.37775810E+01 -0.54613770E+01 -0.13799947E-02 -0.14773645E-03 0.39443596E-03
 -0.37092152E+01 -0.48468179E+01 -0.17663891E-02 -0.54996692E-04 0.36547704E-03
 -0.36500633E+01 -0.42959769E+01 -0.41666964E-02 0.29998418E-03 0.35383703E-03
 -0.35971357E+01 -0.38939546E+01 -0.31442418E-02 0.21127415E-03 0.33292128E-03
 -0.35494019E+01 -0.35493813E+01 -0.21213675E-02 0.14679717E-03 0.31794245E-03
 -0.35058789E+01 -0.32267888E+01 -0.13530195E-02 0.81325065E-05 0.31072144E-03
 -0.34655614E+01 -0.29488367E+01 -0.55085809E-03 -0.67875660E-04 0.30559126E-03
 -0.34281307E+01 -0.26855482E+01 -0.74320470E-03 -0.22910119E-05 0.29487505E-03
 -0.33930805E+01 -0.24482673E+01 -0.42414479E-03 -0.42469652E-04 0.29149048E-03
 -0.33600410E+01 -0.22161429E+01 -0.99575320E-03 0.28688580E-04 0.28347363E-03
 -0.33287713E+01 -0.20030453E+01 -0.19560558E-02 0.19621090E-03 0.27864300E-03
 -0.32990426E+01 -0.18155852E+01 -0.18648626E-02 0.18765294E-03 0.27402022E-03
 -0.32707515E+01 -0.16329930E+01 -0.18294167E-02 0.14299620E-03 0.26536126E-03
 -0.32436747E+01 -0.14661000E+01 -0.16378243E-02 0.97336023E-04 0.26070497E-03
 -0.32176098E+01 -0.13147862E+01 -0.17523704E-02 0.14734505E-03 0.25672993E-03
 -0.31926006E+01 -0.11669286E+01 -0.18662187E-02 0.16428537E-03 0.25537369E-03
 -0.31683914E+01 -0.10488468E+01 -0.57440975E-03 -0.27400069E-04 0.25986856E-03
 -0.31451123E+01 -0.90112384E+00 -0.14423674E-02 0.87509255E-04 0.25563741E-03
 -0.31225217E+01 -0.77806102E+00 -0.13991423E-02 0.77739340E-04 0.25449381E-03
 -0.31006888E+01 -0.65035195E+00 -0.17295988E-02 0.10746261E-03 0.24668173E-03
 -0.30795404E+01 -0.51533420E+00 -0.28076560E-02 0.24718887E-03 0.24287483E-03
 -0.30587915E+01 -0.41414310E+00 -0.27090930E-02 0.24479245E-03 0.24188229E-03
 -0.30386790E+01 -0.31078993E+00 -0.26949200E-02 0.23690801E-03 0.24134152E-03
 -0.30190216E+01 -0.20932971E+00 -0.27828179E-02 0.23484250E-03 0.23752031E-03
 -0.29998868E+01 -0.96327211E-01 -0.35849827E-02 0.31745708E-03 0.23412793E-03
 -0.29811544E+01 -0.93069304E-02 -0.32003469E-02 0.24838876E-03 0.23299339E-03
 -0.29628346E+01 0.83660664E-01 -0.36063331E-02 0.30231916E-03 0.23549922E-03
 -0.29448781E+01 0.16135464E+00 -0.32438880E-02 0.24225827E-03 0.22960728E-03
 -0.29273242E+01 0.24794221E+00 -0.33817736E-02 0.24677991E-03 0.22802250E-03
 -0.29100428E+01 0.32672538E+00 -0.35075038E-02 0.26859938E-03 0.22835462E-03
 -0.28931523E+01 0.40399330E+00 -0.30435315E-02 0.15886232E-03 0.22348711E-03
 -0.28766052E+01 0.49424892E+00 -0.37221326E-02 0.23175996E-03 0.22347539E-03
 -0.28602605E+01 0.56384062E+00 -0.33779065E-02 0.16346435E-03 0.22203155E-03
 -0.28441770E+01 0.63527350E+00 -0.33962280E-02 0.15092767E-03 0.21893391E-03
 -0.28283310E+01 0.69644596E+00 -0.27713918E-02 0.42318762E-04 0.21723098E-03
 -0.28127316E+01 0.76408935E+00 -0.29301565E-02 0.51384548E-04 0.21804713E-03
 -0.27973507E+01 0.82109485E+00 -0.27830129E-02 0.34192744E-04 0.21761089E-03
 -0.27822381E+01 0.88786077E+00 -0.28370848E-02 0.14636683E-04 0.21660399E-03
 -0.27673005E+01 0.95294844E+00 -0.30251790E-02 0.23675581E-04 0.21415367E-03
 -0.27525432E+01 0.10006804E+01 -0.22239948E-02 -0.10533484E-03 0.21158660E-03
 -0.27379806E+01 0.10567756E+01 -0.20612496E-02 -0.13927037E-03 0.20855095E-03
 -0.27236100E+01 0.11088553E+01 -0.17161908E-02 -0.20476832E-03 0.20964442E-03
 -0.27094186E+01 0.11679528E+01 -0.18145706E-02 -0.21000457E-03 0.20758063E-03
 -0.26954054E+01 0.12281447E+01 -0.19179228E-02 -0.22809952E-03 0.20455047E-03
 -0.26815414E+01 0.13021833E+01 -0.31189173E-02 -0.81513505E-04 0.20312140E-03
 -0.26678170E+01 0.13651762E+01 -0.37877897E-02 0.37007398E-05 0.20196751E-03
 -0.26542230E+01 0.14238929E+01 -0.42873315E-02 0.53412697E-04 0.20300216E-03
 -0.26407002E+01 0.14685688E+01 -0.41018419E-02 0.17171758E-04 0.20071323E-03
 -0.26272996E+01 0.15083915E+01 -0.37244350E-02 -0.41520263E-04 0.20107220E-03
 -0.26140787E+01 0.15555747E+01 -0.36609196E-02 -0.64905145E-04 0.20008439E-03
 -0.26009814E+01 0.16006165E+01 -0.36071438E-02 -0.83905276E-04 0.20071046E-03
 -0.25879664E+01 0.16439129E+01 -0.35615228E-02 -0.97220309E-04 0.19963524E-03
 -0.25750260E+01 0.16764654E+01 -0.30099103E-02 -0.17265329E-03 0.19979226E-03
 -0.25622291E+01 0.17174711E+01 -0.28190622E-02 -0.20859135E-03 0.20200535E-03
 -0.25494985E+01 0.17600747E+01 -0.29212505E-02 -0.20450199E-03 0.20294921E-03
 -0.25369192E+01 0.18128033E+01 -0.33625933E-02 -0.16717462E-03 0.20216045E-03
 -0.25243792E+01 0.18562308E+01 -0.34826715E-02 -0.17291629E-03 0.20259703E-03
 -0.25119580E+01 0.18975348E+01 -0.34727409E-02 -0.18759575E-03 0.19965406E-03
 -0.24996175E+01 0.19515868E+01 -0.44002108E-02 -0.66838890E-04 0.20143923E-03
 -0.24873407E+01 0.19890549E+01 -0.43183341E-02 -0.90486712E-04 0.20162696E-03
 -0.24751389E+01 0.20371290E+01 -0.47733311E-02 -0.47954627E-04 0.20042372E-03
 -0.24629637E+01 0.20725987E+01 -0.47860710E-02 -0.50332443E-04 0.19963562E-03
 -0.24508664E+01 0.21093818E+01 -0.48694897E-02 -0.38850777E-04 0.19816132E-03
 -0.24388378E+01 0.21422541E+01 -0.47517944E-02 -0.55796201E-04 0.19660877E-03
 -0.24268672E+01 0.21825323E+01 -0.50974305E-02 -0.12972406E-04 0.19770428E-03
 -0.24149933E+01 0.22245842E+01 -0.54854004E-02 0.25398103E-04 0.19907009E-03
 -0.24031548E+01 0.22577596E+01 -0.53749695E-02 -0.24352147E-05 0.19871205E-03
 -0.23913596E+01 0.22914831E+01 -0.54215504E-02 -0.71282358E-05 0.19653368E-03
 -0.23796298E+01 0.23241844E+01 -0.52446891E-02 -0.50929619E-04 0.19575414E-03
 -0.23679381E+01 0.23603895E+01 -0.53862055E-02 -0.51925411E-04 0.19516713E-03
 -0.23562568E+01 0.23895222E+01 -0.54224907E-02 -0.43974583E-04 0.19244460E-03
 -0.23446514E+01 0.24243922E+01 -0.56552960E-02 -0.20881909E-04 0.19333748E-03
 -0.23330391E+01 0.24506377E+01 -0.55340648E-02 -0.37950506E-04 0.19622839E-03
 -0.23214914E+01 0.24802581E+01 -0.54476738E-02 -0.62916819E-04 0.19605518E-03
 -0.23099889E+01 0.25194782E+01 -0.60004134E-02 0.20632603E-05 0.19468686E-03
 -0.22985218E+01 0.25473844E+01 -0.58500921E-02 -0.28349906E-04 0.19540000E-03
 -0.22871110E+01 0.25827927E+01 -0.61867025E-02 0.92568424E-05 0.19583998E-03
 -0.22756833E+01 0.26072013E+01 -0.59683616E-02 -0.29346343E-04 0.19558981E-03
 -0.22642382E+01 0.26316476E+01 -0.58795925E-02 -0.47493900E-04 0.19758612E-03
 -0.22528468E+01 0.26540094E+01 -0.54495189E-02 -0.11790767E-03 0.19794029E-03
 -0.22415337E+01 0.26891710E+01 -0.56759496E-02 -0.11172448E-03 0.19897117E-03
 -0.22301776E+01 0.27127810E+01 -0.55713909E-02 -0.13204692E-03 0.19856362E-03
 -0.22188722E+01 0.27434089E+01 -0.57166408E-02 -0.12617050E-03 0.19685454E-03
 -0.22075831E+01 0.27688575E+01 -0.56717380E-02 -0.13556468E-03 0.19814874E-03
 -0.21963496E+01 0.28060482E+01 -0.61291298E-02 -0.85595229E-04 0.19908348E-03
 -0.21851063E+01 0.28359606E+01 -0.62255013E-02 -0.83511980E-04 0.19820869E-03
 -0.21738426E+01 0.28616180E+01 -0.62245837E-02 -0.89664117E-04 0.19744259E-03
 -0.21625886E+01 0.28852613E+01 -0.61348671E-02 -0.11014545E-03 0.19481732E-03
 -0.21513416E+01 0.29164328E+01 -0.64295671E-02 -0.87227588E-04 0.19679001E-03
 -0.21401090E+01 0.29422402E+01 -0.66234948E-02 -0.60639058E-04 0.19784018E-03
 -0.21288707E+01 0.29699905E+01 -0.67826078E-02 -0.50595988E-04 0.19671229E-03
 -0.21175641E+01 0.29931920E+01 -0.70078238E-02 -0.17456209E-04 0.19576186E-03
 -0.21063255E+01 0.30173418E+01 -0.69826749E-02 -0.29488547E-04 0.19580020E-03
 -0.20950691E+01 0.30514292E+01 -0.76227717E-02 0.50997002E-04 0.19440688E-03
 -0.20837812E+01 0.30829871E+01 -0.83012263E-02 0.14342493E-03 0.19693842E-03
 -0.20724787E+01 0.31054504E+01 -0.83123719E-02 0.13471203E-03 0.19497448E-03
 -0.20611892E+01 0.31308029E+01 -0.83149938E-02 0.11804324E-03 0.19389454E-03
 -0.20498865E+01 0.31566956E+01 -0.85148403E-02 0.13357903E-03 0.19421057E-03
 -0.20385703E+01 0.31838247E+01 -0.87663927E-02 0.16018661E-03 0.19393125E-03
 -0.20272547E+01 0.32175566E+01 -0.93585093E-02 0.22600774E-03 0.19553003E-03
 -0.20159771E+01 0.32496820E+01 -0.97803792E-02 0.26047724E-03 0.19459962E-03
 -0.20045718E+01 0.32639345E+01 -0.94546638E-02 0.21152301E-03 0.19253506E-03
 -0.19932227E+01 0.32914898E+01 -0.97014941E-02 0.22787208E-03 0.19152921E-03
 -0.19818244E+01 0.33158256E+01 -0.98359882E-02 0.23882526E-03 0.19191489E-03
 -0.19703942E+01 0.33410376E+01 -0.10094055E-01 0.26317847E-03 0.19388317E-03
 -0.19589392E+01 0.33684807E+01 -0.10410408E-01 0.29403314E-03 0.19566638E-03
 -0.19474868E+01 0.34013257E+01 -0.10961263E-01 0.34674748E-03 0.19601242E-03
 -0.19359988E+01 0.34309254E+01 -0.11424372E-01 0.39894654E-03 0.19771551E-03
 -0.19244865E+01 0.34642293E+01 -0.12187761E-01 0.49964650E-03 0.19651119E-03
 -0.19128833E+01 0.34830527E+01 -0.12175987E-01 0.49626505E-03 0.19771708E-03
 -0.19012313E+01 0.35093711E+01 -0.12555524E-01 0.54238334E-03 0.20000610E-03
 -0.18895399E+01 0.35321622E+01 -0.12724109E-01 0.56203013E-03 0.19915724E-03
 -0.18778250E+01 0.35488695E+01 -0.12406294E-01 0.49945718E-03 0.20000143E-03
 -0.18660901E+01 0.35758789E+01 -0.12776564E-01 0.53927443E-03 0.20128556E-03
 -0.18542752E+01 0.35957956E+01 -0.12837531E-01 0.54456900E-03 0.20139720E-03
 -0.18424713E+01 0.36240669E+01 -0.13099312E-01 0.55823121E-03 0.20362787E-03
 -0.18305353E+01 0.36439903E+01 -0.13136765E-01 0.55442672E-03 0.20308671E-03
 -0.18185959E+01 0.36769849E+01 -0.13883307E-01 0.64753289E-03 0.20532843E-03
 -0.18065741E+01 0.37032111E+01 -0.14235571E-01 0.68616305E-03 0.20648607E-03
 -0.17944481E+01 0.37217730E+01 -0.14348603E-01 0.70299690E-03 0.20614802E-03
 -0.17822590E+01 0.37353849E+01 -0.14103680E-01 0.66393137E-03 0.20859363E-03
 -0.17700118E+01 0.37555613E+01 -0.14244767E-01 0.67202138E-03 0.20798738E-03
 -0.17577321E+01 0.37790155E+01 -0.14443172E-01 0.67497209E-03 0.20708853E-03
 -0.17453054E+01 0.37865469E+01 -0.13823604E-01 0.57945952E-03 0.20735906E-03
 -0.17328839E+01 0.38103985E+01 -0.13965331E-01 0.58183892E-03 0.20782880E-03
 -0.17203529E+01 0.38346548E+01 -0.14164147E-01 0.59074438E-03 0.20802341E-03
 -0.17078004E+01 0.38676547E+01 -0.14973728E-01 0.68908388E-03 0.20541142E-03
 -0.16950997E+01 0.38923484E+01 -0.15376535E-01 0.74268445E-03 0.20787155E-03
 -0.16823236E+01 0.39122449E+01 -0.15507927E-01 0.74647733E-03 0.20879303E-03
 -0.16694127E+01 0.39243283E+01 -0.15264196E-01 0.70924417E-03 0.20783650E-03
 -0.16564886E+01 0.39477372E+01 -0.15401601E-01 0.70698204E-03 0.20787963E-03
 -0.16433993E+01 0.39640314E+01 -0.15359867E-01 0.69100190E-03 0.20955593E-03
 -0.16302815E+01 0.39947165E+01 -0.15853495E-01 0.73477590E-03 0.20816705E-03
 -0.16169289E+01 0.40028670E+01 -0.15415172E-01 0.67269669E-03 0.21117531E-03
 -0.16035105E+01 0.40220466E+01 -0.15593789E-01 0.68301489E-03 0.21468989E-03
 -0.15900034E+01 0.40414745E+01 -0.15618398E-01 0.67401259E-03 0.21487393E-03
 -0.15763888E+01 0.40650667E+01 -0.15900508E-01 0.70333979E-03 0.21546227E-03
 -0.15625836E+01 0.40807242E+01 -0.15880033E-01 0.69629803E-03 0.21488247E-03
 -0.15486771E+01 0.40994786E+01 -0.15999521E-01 0.71601598E-03 0.21615321E-03
 -0.15345725E+01 0.41186035E+01 -0.16424943E-01 0.78748242E-03 0.21920875E-03
 -0.15203218E+01 0.41235010E+01 -0.15962022E-01 0.73408322E-03 0.22123150E-03
 -0.15059238E+01 0.41329337E+01 -0.15564448E-01 0.66725639E-03 0.21857966E-03
 -0.14914792E+01 0.41620974E+01 -0.16128472E-01 0.72644006E-03 0.22126536E-03
 -0.14767600E+01 0.41774713E+01 -0.16362888E-01 0.77146130E-03 0.22418895E-03
 -0.14618823E+01 0.41991448E+01 -0.16773977E-01 0.82655058E-03 0.22608649E-03
 -0.14469022E+01 0.42307474E+01 -0.17417606E-01 0.88973800E-03 0.22501959E-03
 -0.14317130E+01 0.42639804E+01 -0.18368103E-01 0.10089210E-02 0.22456911E-03
 -0.14163181E+01 0.42784000E+01 -0.18210492E-01 0.97452701E-03 0.22685610E-03
 -0.14006707E+01 0.42940058E+01 -0.18400710E-01 0.10086928E-02 0.22900123E-03
 -0.13848478E+01 0.43166870E+01 -0.18722731E-01 0.10438741E-02 0.23110759E-03
 -0.13687848E+01 0.43361522E+01 -0.18854377E-01 0.10500442E-02 0.23459412E-03
 -0.13525129E+01 0.43592509E+01 -0.19265394E-01 0.11033483E-02 0.23564436E-03
 -0.13359886E+01 0.43773427E+01 -0.19303930E-01 0.11027257E-02 0.23921369E-03
 -0.13192018E+01 0.44002868E+01 -0.19498646E-01 0.10983813E-02 0.24064685E-03
 -0.13021289E+01 0.44217863E+01 -0.19939897E-01 0.11615448E-02 0.24300364E-03
 -0.12848033E+01 0.44426021E+01 -0.20106647E-01 0.11682174E-02 0.24756803E-03
 -0.12671690E+01 0.44714345E+01 -0.20932634E-01 0.12767310E-02 0.24775177E-03
 -0.12492058E+01 0.44876094E+01 -0.20902234E-01 0.12600286E-02 0.25080329E-03
 -0.12308834E+01 0.44964506E+01 -0.20569717E-01 0.12086076E-02 0.25166962E-03
 -0.12122157E+01 0.45053356E+01 -0.20190286E-01 0.11495213E-02 0.25237482E-03
 -0.11932628E+01 0.45263769E+01 -0.20332332E-01 0.11563904E-02 0.25405487E-03
 -0.11738751E+01 0.45483174E+01 -0.20829558E-01 0.12305651E-02 0.25581199E-03
 -0.11540753E+01 0.45667247E+01 -0.20899693E-01 0.12361247E-02 0.25913837E-03
 -0.11337961E+01 0.45799385E+01 -0.20626491E-01 0.11733490E-02 0.26165640E-03
 -0.11131135E+01 0.46065439E+01 -0.21126830E-01 0.12250890E-02 0.26074851E-03
 -0.10917908E+01 0.46013090E+01 -0.20195473E-01 0.11105594E-02 0.26441200E-03
 -0.10701274E+01 0.46338547E+01 -0.20870982E-01 0.11813091E-02 0.26353769E-03
 -0.10478446E+01 0.46543927E+01 -0.21238659E-01 0.12263984E-02 0.26886409E-03
 -0.10249252E+01 0.46641909E+01 -0.20878647E-01 0.11632874E-02 0.27594684E-03
 -0.10014891E+01 0.46889221E+01 -0.21026092E-01 0.11619630E-02 0.28398569E-03
 -0.97726101E+00 0.47026810E+01 -0.20861655E-01 0.11239307E-02 0.28738366E-03
 -0.95215336E+00 0.46827336E+01 -0.19289220E-01 0.93211253E-03 0.29081355E-03
 -0.92635531E+00 0.46988475E+01 -0.19684364E-01 0.10024519E-02 0.29583515E-03
 -0.89970857E+00 0.47193743E+01 -0.19839115E-01 0.10109319E-02 0.30011015E-03
 -0.87214658E+00 0.47481081E+01 -0.20324980E-01 0.10561332E-02 0.30583601E-03
 -0.84345049E+00 0.47725105E+01 -0.21195973E-01 0.11851593E-02 0.30909181E-03
 -0.81375948E+00 0.47969766E+01 -0.21256316E-01 0.11663711E-02 0.31499992E-03
 -0.78258196E+00 0.47855848E+01 -0.19992253E-01 0.10064123E-02 0.32307473E-03
 -0.75018390E+00 0.48069785E+01 -0.20161706E-01 0.10287825E-02 0.33143433E-03
 -0.71617703E+00 0.48215940E+01 -0.20285530E-01 0.10450616E-02 0.33526281E-03
 -0.68052305E+00 0.48594790E+01 -0.21108214E-01 0.11277047E-02 0.34515524E-03
 -0.64292610E+00 0.48812139E+01 -0.21551029E-01 0.12196387E-02 0.35234986E-03
 -0.60307882E+00 0.49102943E+01 -0.21933059E-01 0.12636459E-02 0.35933510E-03
 -0.56049865E+00 0.49257189E+01 -0.21796105E-01 0.12279927E-02 0.36520805E-03
 -0.51509281E+00 0.49681191E+01 -0.23103666E-01 0.14307185E-02 0.37919834E-03
 -0.46623539E+00 0.50125731E+01 -0.24048889E-01 0.15615276E-02 0.38463800E-03
 -0.41314501E+00 0.50774898E+01 -0.25641877E-01 0.17323260E-02 0.38793534E-03
 -0.35440840E+00 0.50328198E+01 -0.22578049E-01 0.13852555E-02 0.40806085E-03
 -0.28964538E+00 0.50782355E+01 -0.22461192E-01 0.13222442E-02 0.41857661E-03
 -0.21602586E+00 0.50585570E+01 -0.19757030E-01 0.99946777E-03 0.45780779E-03
 -0.13158440E+00 0.50577141E+01 -0.15821241E-01 0.41118018E-03 0.47144350E-03
 -0.31215504E-01 0.50847928E+01 -0.13789186E-01 0.15320513E-03 0.51169316E-03
 0.93401736E-01 0.51335891E+01 -0.10547215E-01 -0.30317757E-03 0.56648999E-03
 0.26185049E+00 0.51204145E+01 -0.15523255E-02 -0.13787112E-02 0.69983597E-03
 0.30421249E+00 0.51940736E+01 -0.34638799E-02 -0.11089790E-02 0.73448500E-03
 0.35109677E+00 0.51811407E+01 -0.57117617E-03 -0.13874493E-02 0.75918801E-03
 0.40338396E+00 0.52334012E+01 -0.74852613E-03 -0.13060983E-02 0.78419172E-03
 0.46282802E+00 0.52919797E+01 -0.43628762E-03 -0.12905668E-02 0.82380097E-03
 0.53193492E+00 0.53983670E+01 -0.23743220E-02 -0.86068429E-03 0.92758957E-03
 0.61487681E+00 0.54368959E+01 0.10156529E-02 -0.12019586E-02 0.10264200E-02
 0.71904197E+00 0.54865952E+01 0.88406046E-02 -0.22245205E-02 0.11369551E-02
 0.85882767E+00 0.60725434E+01 -0.68819021E-02 -0.12966435E-03 0.13525498E-02
 0.10910637E+01 0.66551120E+01 -0.20482689E-01 0.25627902E-02 0.18330879E-02
 0.13077014E+01 0.71840192E+01 -0.10499050E-01 0.11008521E-02 0.25035317E-02
 0.15779505E+01 0.82879839E+01 -0.19275148E-01 0.30397673E-02 0.36641191E-02
 0.17753994E+01 0.82024729E+01 0.25034974E-01 -0.25039155E-02 0.48430147E-02
ecmct     2  4  5   20
 -0.56814440E+01 -0.34039486E+02 -0.54834772E-02 -0.33172351E-01 0.45741132E-02
 -0.55312230E+01 -0.29134773E+02 -0.64761787E-01 -0.20080336E-01 0.33028401E-02
 -0.53189099E+01 -0.23919113E+02 -0.85440259E-01 -0.11075795E-01 0.20480725E-02
 -0.51457456E+01 -0.21203889E+02 -0.39372792E-01 -0.12193696E-01 0.14437123E-02
 -0.49645878E+01 -0.18170876E+02 -0.18652192E-01 -0.11008721E-01 0.11044671E-02
 -0.48548628E+01 -0.15987149E+02 -0.31668675E-01 -0.73778893E-02 0.91629952E-03
 -0.47733669E+01 -0.14752534E+02 -0.26801167E-01 -0.66303890E-02 0.80838074E-03
 -0.47087335E+01 -0.13772608E+02 -0.27427782E-01 -0.54953576E-02 0.74519629E-03
 -0.46550866E+01 -0.12952795E+02 -0.26383510E-01 -0.49229088E-02 0.69384365E-03
 -0.46090202E+01 -0.12262355E+02 -0.25380095E-01 -0.45039757E-02 0.66061277E-03
 -0.45677957E+01 -0.11752112E+02 -0.22089640E-01 -0.43440941E-02 0.64324463E-03
 -0.45309910E+01 -0.11249968E+02 -0.23343030E-01 -0.36489762E-02 0.60750596E-03
 -0.44979975E+01 -0.10737848E+02 -0.26490576E-01 -0.28799837E-02 0.57704844E-03
 -0.43659171E+01 -0.92008129E+01 -0.16399986E-01 -0.27460191E-02 0.49905686E-03
 -0.42676950E+01 -0.80565373E+01 -0.14548181E-01 -0.20634609E-02 0.43477287E-03
 -0.41891271E+01 -0.72024880E+01 -0.11001209E-01 -0.18794745E-02 0.40639749E-03
 -0.41229117E+01 -0.64685726E+01 -0.10094260E-01 -0.16077176E-02 0.38556962E-03
 -0.40653938E+01 -0.58725529E+01 -0.85477016E-02 -0.14630298E-02 0.36987694E-03
 -0.40144933E+01 -0.53357830E+01 -0.80821823E-02 -0.12636958E-02 0.34615497E-03
 -0.39683803E+01 -0.48802080E+01 -0.73244627E-02 -0.11472562E-02 0.32692780E-03
 -0.39262278E+01 -0.44998242E+01 -0.58957340E-02 -0.10826529E-02 0.31326831E-03
 -0.38873521E+01 -0.41657511E+01 -0.39116794E-02 -0.11522153E-02 0.29027952E-03
 -0.38513082E+01 -0.38101353E+01 -0.48990203E-02 -0.88384912E-03 0.28312461E-03
 -0.38175503E+01 -0.35030481E+01 -0.46868233E-02 -0.79007566E-03 0.27201555E-03
 -0.37858167E+01 -0.32088032E+01 -0.48676141E-02 -0.66584691E-03 0.26237807E-03
 -0.37557878E+01 -0.29321497E+01 -0.54030892E-02 -0.52032292E-03 0.25707592E-03
 -0.37272282E+01 -0.26999095E+01 -0.46285429E-02 -0.53253891E-03 0.25181007E-03
 -0.37000131E+01 -0.24752610E+01 -0.41295301E-02 -0.51315889E-03 0.25303842E-03
 -0.36739413E+01 -0.22702349E+01 -0.33630352E-02 -0.54980992E-03 0.24904237E-03
 -0.36488719E+01 -0.20807502E+01 -0.26775205E-02 -0.57512855E-03 0.24071966E-03
 -0.36248860E+01 -0.18733938E+01 -0.34871710E-02 -0.41587011E-03 0.23812809E-03
 -0.36017860E+01 -0.16922794E+01 -0.31805447E-02 -0.40849819E-03 0.23146231E-03
 -0.35793169E+01 -0.15402049E+01 -0.22754680E-02 -0.46452946E-03 0.22806781E-03
 -0.35576250E+01 -0.13814776E+01 -0.20744108E-02 -0.43733318E-03 0.22419026E-03
 -0.35365552E+01 -0.12454508E+01 -0.12482029E-02 -0.47762676E-03 0.22043430E-03
 -0.35161763E+01 -0.10948154E+01 -0.13562919E-02 -0.41189957E-03 0.21807434E-03
 -0.34963288E+01 -0.96232236E+00 -0.92070442E-03 -0.42133394E-03 0.21332215E-03
 -0.34769785E+01 -0.83735136E+00 -0.35918392E-03 -0.45215034E-03 0.21033909E-03
 -0.34581494E+01 -0.70740029E+00 -0.39773381E-03 -0.40154829E-03 0.21002034E-03
 -0.34397560E+01 -0.57999236E+00 -0.51256114E-03 -0.35272910E-03 0.20760795E-03
 -0.34218955E+01 -0.45390760E+00 -0.63033254E-03 -0.30219384E-03 0.20709864E-03
 -0.34042554E+01 -0.35740213E+00 0.17032957E-03 -0.35232364E-03 0.20744941E-03
 -0.33871451E+01 -0.24172228E+00 0.18834486E-03 -0.33318132E-03 0.20764710E-03
 -0.33703227E+01 -0.13426193E+00 0.27773519E-03 -0.31112374E-03 0.20764596E-03
 -0.33538744E+01 -0.16114579E-01 -0.22013004E-03 -0.23414076E-03 0.20622970E-03
 -0.33376734E+01 0.86772346E-01 -0.16258076E-03 -0.22744526E-03 0.20463910E-03
 -0.33218248E+01 0.18222581E+00 0.20772570E-03 -0.25002967E-03 0.20326736E-03
 -0.33062301E+01 0.27709895E+00 0.48555282E-03 -0.26893280E-03 0.19990476E-03
 -0.32909050E+01 0.37425126E+00 0.32051375E-03 -0.22615188E-03 0.20102656E-03
 -0.32758457E+01 0.46844772E+00 0.31141145E-03 -0.20968930E-03 0.19860388E-03
 -0.32609274E+01 0.54589693E+00 0.97208613E-03 -0.27362239E-03 0.19707271E-03
 -0.32462967E+01 0.64272183E+00 0.46240007E-03 -0.19704498E-03 0.19771643E-03
 -0.32318573E+01 0.72910548E+00 0.34291944E-03 -0.15694333E-03 0.19584154E-03
 -0.32176602E+01 0.81908735E+00 0.79833599E-04 -0.11758454E-03 0.19499723E-03
 -0.32036449E+01 0.90440836E+00 -0.12567754E-03 -0.80126091E-04 0.19092107E-03
 -0.31898264E+01 0.98587342E+00 -0.23681149E-03 -0.52471571E-04 0.19011825E-03
 -0.31761831E+01 0.10678713E+01 -0.39072620E-03 -0.26908700E-04 0.18703307E-03
 -0.31626455E+01 0.11444676E+01 -0.51886820E-03 0.53222990E-06 0.18620272E-03
 -0.31492490E+01 0.12138582E+01 -0.34279531E-03 -0.11339318E-04 0.18402155E-03
 -0.31359988E+01 0.12786139E+01 -0.80318406E-04 -0.26767163E-04 0.18383580E-03
 -0.31229553E+01 0.13482849E+01 0.22237567E-04 -0.36676695E-04 0.18502137E-03
 -0.31100435E+01 0.14259028E+01 -0.37416392E-03 0.17381414E-04 0.18171023E-03
 -0.30972849E+01 0.14972119E+01 -0.43785957E-03 0.25111842E-04 0.18369478E-03
 -0.30846253E+01 0.15625260E+01 -0.25513755E-03 0.51721021E-05 0.18341537E-03
 -0.30720481E+01 0.16226692E+01 -0.82825004E-04 -0.38210673E-05 0.18375021E-03
 -0.30595919E+01 0.16797919E+01 0.30722630E-03 -0.44323949E-04 0.18226286E-03
 -0.30472784E+01 0.17395083E+01 0.53719366E-03 -0.70600133E-04 0.18079510E-03
 -0.30350030E+01 0.17942405E+01 0.81093511E-03 -0.92954817E-04 0.18127603E-03
 -0.30229268E+01 0.18624809E+01 0.50582227E-03 -0.60355468E-04 0.18298670E-03
 -0.30108772E+01 0.19147946E+01 0.84861969E-03 -0.93186858E-04 0.18696079E-03
 -0.29989766E+01 0.19808419E+01 0.48750129E-03 -0.45922800E-04 0.18728544E-03
 -0.29871781E+01 0.20441007E+01 0.37520043E-03 -0.39627403E-04 0.18486864E-03
 -0.29754050E+01 0.20968907E+01 0.47772652E-03 -0.38629549E-04 0.18458353E-03
 -0.29637642E+01 0.21600247E+01 0.87897840E-04 0.14007182E-04 0.18368579E-03
 -0.29521474E+01 0.22162976E+01 0.66510264E-06 0.26645168E-04 0.18244933E-03
 -0.29406232E+01 0.22706446E+01 -0.77087032E-04 0.41273667E-04 0.17998944E-03
 -0.29291555E+01 0.23177899E+01 0.29522204E-03 -0.75679534E-05 0.17789133E-03
 -0.29177837E+01 0.23727992E+01 0.12246497E-03 0.17480438E-04 0.17917100E-03
 -0.29064870E+01 0.24237504E+01 0.23317936E-03 0.41572585E-05 0.17917512E-03
 -0.28952138E+01 0.24732549E+01 0.22199181E-03 0.98038979E-05 0.17936353E-03
 -0.28840066E+01 0.25202329E+01 0.34992503E-03 -0.73842340E-05 0.17934117E-03
 -0.28728054E+01 0.25665788E+01 0.38105767E-03 -0.73714763E-05 0.17823551E-03
 -0.28617127E+01 0.26144388E+01 0.45229344E-03 -0.16639942E-04 0.17794656E-03
 -0.28506471E+01 0.26553139E+01 0.74411713E-03 -0.45775424E-04 0.17704067E-03
 -0.28396451E+01 0.27062800E+01 0.56999021E-03 -0.28426485E-04 0.17821317E-03
 -0.28287017E+01 0.27591844E+01 0.11882669E-03 0.34735060E-04 0.17796231E-03
 -0.28177726E+01 0.28046828E+01 0.13943049E-03 0.31572885E-04 0.17742416E-03
 -0.28069035E+01 0.28510131E+01 0.95505228E-04 0.32935994E-04 0.17615646E-03
 -0.27960969E+01 0.29019327E+01 -0.22551032E-03 0.69335552E-04 0.17663240E-03
 -0.27852964E+01 0.29462048E+01 -0.23587529E-03 0.71671090E-04 0.17485354E-03
 -0.27745242E+01 0.29791150E+01 0.29456089E-03 0.11690656E-04 0.17360953E-03
 -0.27638018E+01 0.30216909E+01 0.34581380E-03 0.19081660E-05 0.17114357E-03
 -0.27531065E+01 0.30630858E+01 0.33760935E-03 0.84182724E-05 0.17051419E-03
 -0.27423923E+01 0.30996986E+01 0.48058354E-03 0.24808196E-06 0.16968145E-03
 -0.27317350E+01 0.31377093E+01 0.64358657E-03 -0.20211929E-04 0.17040249E-03
 -0.27211103E+01 0.31778709E+01 0.71704272E-03 -0.34850011E-04 0.17256384E-03
 -0.27105086E+01 0.32161051E+01 0.77378400E-03 -0.40514626E-04 0.17212731E-03
 -0.26999650E+01 0.32600645E+01 0.63490932E-03 -0.26509608E-04 0.17256035E-03
 -0.26894355E+01 0.33041223E+01 0.44196053E-03 -0.79206647E-05 0.17052968E-03
 -0.26789184E+01 0.33487974E+01 0.15964419E-03 0.24003706E-04 0.17279555E-03
 -0.26684051E+01 0.33918710E+01 0.52025085E-04 0.29058386E-04 0.17398459E-03
 -0.26578760E+01 0.34300620E+01 0.97766384E-04 0.17637781E-04 0.17392930E-03
 -0.26473779E+01 0.34705034E+01 -0.11744954E-03 0.47222174E-04 0.17494195E-03
 -0.26368845E+01 0.35022788E+01 0.29202142E-03 -0.96451392E-05 0.17369163E-03
 -0.26264105E+01 0.35431176E+01 0.38664865E-04 0.23420627E-04 0.17273277E-03
 -0.26159474E+01 0.35825723E+01 -0.64608661E-04 0.33259843E-04 0.17423558E-03
 -0.26054891E+01 0.36213371E+01 -0.19856457E-03 0.47671434E-04 0.17345591E-03
 -0.25950151E+01 0.36563075E+01 -0.85594243E-04 0.31028848E-04 0.17351900E-03
 -0.25845483E+01 0.36959909E+01 -0.34917088E-03 0.65605564E-04 0.17333058E-03
 -0.25740749E+01 0.37263647E+01 -0.86608288E-04 0.32588972E-04 0.17322329E-03
 -0.25636094E+01 0.37646972E+01 -0.23301473E-03 0.43792340E-04 0.17219100E-03
 -0.25531418E+01 0.37964434E+01 -0.38212805E-04 0.18274053E-04 0.17144175E-03
 -0.25426534E+01 0.38299155E+01 0.11965530E-04 0.10129974E-04 0.17140373E-03
 -0.25321748E+01 0.38658103E+01 -0.11483814E-03 0.27565631E-04 0.17087513E-03
 -0.25217000E+01 0.39015036E+01 -0.16327365E-03 0.29592003E-04 0.17399039E-03
 -0.25112327E+01 0.39413661E+01 -0.44238549E-03 0.60184506E-04 0.17459887E-03
 -0.25007034E+01 0.39754735E+01 -0.39097169E-03 0.45386262E-04 0.17531303E-03
 -0.24902018E+01 0.40138505E+01 -0.66227447E-03 0.75857896E-04 0.17621379E-03
 -0.24796105E+01 0.40433847E+01 -0.60171741E-03 0.70605020E-04 0.17667866E-03
 -0.24690303E+01 0.40764213E+01 -0.58657359E-03 0.63820695E-04 0.17706034E-03
 -0.24584204E+01 0.41083989E+01 -0.63115531E-03 0.70479244E-04 0.17888516E-03
 -0.24477978E+01 0.41419764E+01 -0.70349782E-03 0.78915842E-04 0.17962626E-03
 -0.24371580E+01 0.41777609E+01 -0.90368854E-03 0.99892194E-04 0.18017801E-03
 -0.24264695E+01 0.42091429E+01 -0.90054669E-03 0.97783996E-04 0.18195038E-03
 -0.24157659E+01 0.42448242E+01 -0.10644324E-02 0.11271303E-03 0.18015878E-03
 -0.24050340E+01 0.42805766E+01 -0.13691946E-02 0.15585788E-03 0.17960676E-03
 -0.23942410E+01 0.43091432E+01 -0.11441032E-02 0.11967135E-03 0.17928325E-03
 -0.23834985E+01 0.43498702E+01 -0.15698446E-02 0.16473406E-03 0.17781767E-03
 -0.23726811E+01 0.43814127E+01 -0.16068208E-02 0.16963446E-03 0.17910666E-03
 -0.23617941E+01 0.44056225E+01 -0.13486550E-02 0.14281452E-03 0.17955748E-03
 -0.23509193E+01 0.44407762E+01 -0.15163307E-02 0.15856638E-03 0.17964806E-03
 -0.23399717E+01 0.44675730E+01 -0.12550653E-02 0.12019249E-03 0.18151844E-03
 -0.23289754E+01 0.45004051E+01 -0.13063930E-02 0.11518368E-03 0.17963468E-03
 -0.23178840E+01 0.45254274E+01 -0.11173566E-02 0.91393944E-04 0.18109763E-03
 -0.23067601E+01 0.45590622E+01 -0.13468247E-02 0.11573779E-03 0.18165782E-03
 -0.22955931E+01 0.45886802E+01 -0.12384865E-02 0.93771175E-04 0.18175912E-03
 -0.22843963E+01 0.46189924E+01 -0.12899866E-02 0.96245592E-04 0.18160568E-03
 -0.22731117E+01 0.46416968E+01 -0.97560973E-03 0.61355360E-04 0.18181285E-03
 -0.22617645E+01 0.46717004E+01 -0.10476012E-02 0.68782527E-04 0.17966065E-03
 -0.22504033E+01 0.47041057E+01 -0.10279339E-02 0.54668120E-04 0.17724758E-03
 -0.22390170E+01 0.47417115E+01 -0.12550396E-02 0.67759088E-04 0.18034303E-03
 -0.22274822E+01 0.47696195E+01 -0.12842825E-02 0.74603657E-04 0.17955139E-03
 -0.22158884E+01 0.48025502E+01 -0.14517467E-02 0.89674224E-04 0.18043524E-03
 -0.22042208E+01 0.48382510E+01 -0.17987861E-02 0.12486903E-03 0.18254010E-03
 -0.21924556E+01 0.48705719E+01 -0.20369865E-02 0.15053932E-03 0.18259773E-03
 -0.21806052E+01 0.48957318E+01 -0.18857848E-02 0.12619488E-03 0.18364824E-03
 -0.21686669E+01 0.49221537E+01 -0.17948341E-02 0.11584067E-03 0.18523986E-03
 -0.21566266E+01 0.49503133E+01 -0.18955147E-02 0.13156614E-03 0.18561623E-03
 -0.21445451E+01 0.49836404E+01 -0.20520668E-02 0.14125439E-03 0.18586761E-03
 -0.21323426E+01 0.50143115E+01 -0.20080707E-02 0.12420260E-03 0.18800411E-03
 -0.21201128E+01 0.50534425E+01 -0.23822767E-02 0.15956956E-03 0.18886677E-03
 -0.21076840E+01 0.50816922E+01 -0.24454679E-02 0.16119456E-03 0.19070258E-03
 -0.20951174E+01 0.51034197E+01 -0.22408790E-02 0.13987947E-03 0.19202659E-03
 -0.20824676E+01 0.51316403E+01 -0.22651984E-02 0.13910848E-03 0.19483728E-03
 -0.20697135E+01 0.51621904E+01 -0.22867106E-02 0.13498410E-03 0.19333298E-03
 -0.20568422E+01 0.51900636E+01 -0.21627061E-02 0.11116805E-03 0.19502297E-03
 -0.20437831E+01 0.52153054E+01 -0.20220817E-02 0.90853875E-04 0.19698550E-03
 -0.20306234E+01 0.52451027E+01 -0.21418246E-02 0.10268871E-03 0.19938816E-03
 -0.20173035E+01 0.52722269E+01 -0.21233204E-02 0.98273150E-04 0.20122662E-03
 -0.20038342E+01 0.52969631E+01 -0.20308723E-02 0.89430547E-04 0.20107296E-03
 -0.19901983E+01 0.53203738E+01 -0.18778202E-02 0.71361297E-04 0.20134540E-03
 -0.19764306E+01 0.53492274E+01 -0.17993482E-02 0.49943442E-04 0.20119343E-03
 -0.19625042E+01 0.53865883E+01 -0.22745339E-02 0.10213305E-03 0.20310197E-03
 -0.19483932E+01 0.54094520E+01 -0.19980939E-02 0.64115184E-04 0.20607946E-03
 -0.19340696E+01 0.54328814E+01 -0.17171063E-02 0.30533385E-04 0.20733344E-03
 -0.19195390E+01 0.54606797E+01 -0.17601048E-02 0.39577442E-04 0.20895509E-03
 -0.19049032E+01 0.54967567E+01 -0.18380535E-02 0.30860579E-04 0.20882244E-03
 -0.18899422E+01 0.55221207E+01 -0.17269576E-02 0.20440247E-04 0.21215799E-03
 -0.18747808E+01 0.55452630E+01 -0.16192846E-02 0.20320889E-04 0.21329075E-03
 -0.18594185E+01 0.55750314E+01 -0.15849525E-02 0.57850730E-05 0.21630481E-03
 -0.18438527E+01 0.56117046E+01 -0.19183055E-02 0.42570114E-04 0.21770750E-03
 -0.18279744E+01 0.56369939E+01 -0.16444982E-02 0.85822124E-05 0.21636031E-03
 -0.18118970E+01 0.56783018E+01 -0.21050985E-02 0.56485542E-04 0.22353867E-03
 -0.17954144E+01 0.57063062E+01 -0.19775804E-02 0.37197720E-04 0.22719261E-03
 -0.17785982E+01 0.57186407E+01 -0.11912311E-02 -0.47336827E-04 0.22388947E-03
 -0.17614771E+01 0.57399392E+01 -0.67915832E-03 -0.11939695E-03 0.22554169E-03
 -0.17441627E+01 0.57885193E+01 -0.13355370E-02 -0.56978831E-04 0.22991262E-03
 -0.17264455E+01 0.58343996E+01 -0.19071295E-02 0.17447565E-05 0.22961378E-03
 -0.17082873E+01 0.58712454E+01 -0.20000745E-02 0.10895418E-05 0.22983203E-03
 -0.16896867E+01 0.59037723E+01 -0.20131265E-02 0.22827990E-05 0.23527608E-03
 -0.16706857E+01 0.59440048E+01 -0.24832695E-02 0.66869718E-04 0.23768843E-03
 -0.16511653E+01 0.59786371E+01 -0.25666530E-02 0.69695390E-04 0.24218164E-03
 -0.16311834E+01 0.60141227E+01 -0.25374183E-02 0.55396924E-04 0.24925926E-03
 -0.16105514E+01 0.60379182E+01 -0.22781670E-02 0.36205765E-04 0.24880664E-03
 -0.15893713E+01 0.60665591E+01 -0.20702421E-02 0.72199109E-05 0.24936850E-03
 -0.15676512E+01 0.61175466E+01 -0.29795941E-02 0.11054218E-03 0.25192498E-03
 -0.15452945E+01 0.61628669E+01 -0.32896664E-02 0.13018229E-03 0.25490204E-03
 -0.15221721E+01 0.62043925E+01 -0.34107856E-02 0.13291089E-03 0.25739364E-03
 -0.14982404E+01 0.62493139E+01 -0.38597814E-02 0.18213039E-03 0.26212384E-03
 -0.14735025E+01 0.62902555E+01 -0.37020433E-02 0.14446118E-03 0.26572871E-03
 -0.14476912E+01 0.63221163E+01 -0.34317735E-02 0.11074012E-03 0.27404779E-03
 -0.14209397E+01 0.63668540E+01 -0.36583848E-02 0.12295185E-03 0.27767575E-03
 -0.13929775E+01 0.64170444E+01 -0.42695547E-02 0.20038516E-03 0.28589276E-03
 -0.13637740E+01 0.64633760E+01 -0.44198494E-02 0.21049084E-03 0.29234428E-03
 -0.13332848E+01 0.65158811E+01 -0.44840623E-02 0.19523105E-03 0.29388692E-03
 -0.13009925E+01 0.65676384E+01 -0.48901204E-02 0.22078053E-03 0.30268514E-03
 -0.12669431E+01 0.65949082E+01 -0.38123013E-02 0.88600341E-04 0.30693965E-03
 -0.12308234E+01 0.66432731E+01 -0.39023520E-02 0.94829710E-04 0.31802087E-03
 -0.11925354E+01 0.67337527E+01 -0.56348108E-02 0.27133082E-03 0.32596041E-03
 -0.11511344E+01 0.67520718E+01 -0.43833733E-02 0.14662704E-03 0.33546794E-03
 -0.11064161E+01 0.67591987E+01 -0.25281842E-02 -0.44981000E-04 0.34808100E-03
 -0.10580802E+01 0.68350401E+01 -0.35457617E-02 0.63883547E-04 0.35992637E-03
 -0.10051093E+01 0.69244924E+01 -0.43463649E-02 0.14809798E-03 0.37898812E-03
 -0.94575200E+00 0.69575831E+01 -0.24975889E-02 -0.65643636E-04 0.39803592E-03
 -0.87886126E+00 0.70145800E+01 -0.13952547E-02 -0.17637309E-03 0.41793419E-03
 -0.80161418E+00 0.71104008E+01 -0.16738356E-02 -0.15227542E-03 0.44372718E-03
 -0.70973301E+00 0.72346483E+01 -0.17522881E-02 -0.18000301E-03 0.48026113E-03
 -0.59462558E+00 0.74145042E+01 -0.50154392E-02 0.30564415E-03 0.52647081E-03
 -0.43881840E+00 0.75591251E+01 -0.25550063E-02 0.88330813E-04 0.63630959E-03
 -0.39978892E+00 0.76756471E+01 -0.53838659E-02 0.41246642E-03 0.68323210E-03
 -0.35668605E+00 0.77706451E+01 -0.73165723E-02 0.66967795E-03 0.70079992E-03
 -0.30846698E+00 0.79165741E+01 -0.10566458E-01 0.10201046E-02 0.73022082E-03
 -0.25313186E+00 0.79735187E+01 -0.99475592E-02 0.10291276E-02 0.77505987E-03
 -0.18848316E+00 0.80246793E+01 -0.90888321E-02 0.10394140E-02 0.81900863E-03
 -0.11074205E+00 0.80275046E+01 -0.51602505E-02 0.76276318E-03 0.88682288E-03
 -0.13606712E-01 0.82318785E+01 -0.76249476E-02 0.12114272E-02 0.97766598E-03
 0.11992492E+00 0.83833798E+01 -0.69132985E-02 0.14376004E-02 0.11645410E-02
 0.33840098E+00 0.86760841E+01 -0.45226438E-02 0.20202736E-02 0.15591182E-02
 0.54372498E+00 0.94216375E+01 -0.20257116E-01 0.48270133E-02 0.21316933E-02
 0.80531502E+00 0.97409122E+01 -0.11230534E-01 0.55678915E-02 0.33151030E-02
 0.99038813E+00 0.10222931E+02 -0.65477978E-03 0.59614850E-02 0.47290285E-02
ecmctt    2  5  5   20
 -0.60116359E+01 -0.34859636E+02 -0.17612256E+00 -0.17308274E-01 0.42299912E-02
 -0.58577727E+01 -0.32126484E+02 -0.10401969E+00 -0.19545615E-01 0.31570620E-02
 -0.56485555E+01 -0.27228621E+02 -0.82989758E-01 -0.13651594E-01 0.19639679E-02
 -0.54771763E+01 -0.24089785E+02 -0.56040505E-01 -0.11617535E-01 0.15752503E-02
 -0.52994649E+01 -0.20529609E+02 -0.44467913E-01 -0.87964285E-02 0.11238146E-02
 -0.51899547E+01 -0.18622745E+02 -0.33208957E-01 -0.78847015E-02 0.92065543E-03
 -0.51098388E+01 -0.17332981E+02 -0.22000580E-01 -0.77340426E-02 0.83781339E-03
 -0.50468544E+01 -0.16169580E+02 -0.21435148E-01 -0.68334498E-02 0.75413143E-03
 -0.49937996E+01 -0.15263046E+02 -0.21921878E-01 -0.59676219E-02 0.70962472E-03
 -0.49482187E+01 -0.14465747E+02 -0.23366199E-01 -0.51238266E-02 0.65018879E-03
 -0.49084196E+01 -0.13801063E+02 -0.22664324E-01 -0.46886319E-02 0.60039289E-03
 -0.48722021E+01 -0.13314230E+02 -0.18660880E-01 -0.46542580E-02 0.57208688E-03
 -0.48395143E+01 -0.12875668E+02 -0.14738461E-01 -0.47260740E-02 0.54098273E-03
 -0.47101055E+01 -0.11020018E+02 -0.10897853E-01 -0.36971532E-02 0.45465098E-03
 -0.46144566E+01 -0.96801878E+01 -0.97542767E-02 -0.29184075E-02 0.41142144E-03
 -0.45372609E+01 -0.87047984E+01 -0.63370240E-02 -0.26647164E-02 0.37550651E-03
 -0.44721429E+01 -0.79019281E+01 -0.40411840E-02 -0.24922708E-02 0.35727012E-03
 -0.44156937E+01 -0.71855272E+01 -0.46659544E-02 -0.20617579E-02 0.35123008E-03
 -0.43654488E+01 -0.66117689E+01 -0.35861266E-02 -0.18537281E-02 0.34589941E-03
 -0.43200070E+01 -0.61204857E+01 -0.19803204E-02 -0.17545220E-02 0.32540864E-03
 -0.42787410E+01 -0.56424811E+01 -0.21149483E-02 -0.15426238E-02 0.30982310E-03
 -0.42406303E+01 -0.52406046E+01 -0.10276058E-02 -0.14667742E-02 0.30275505E-03
 -0.42053217E+01 -0.48532171E+01 -0.67367909E-03 -0.13649053E-02 0.29851559E-03
 -0.41720598E+01 -0.45157604E+01 0.35696364E-04 -0.13051357E-02 0.28905448E-03
 -0.41409152E+01 -0.42031414E+01 0.11222100E-02 -0.13278046E-02 0.27823805E-03
 -0.41113290E+01 -0.39241954E+01 0.23925487E-02 -0.13797236E-02 0.27348609E-03
 -0.40832442E+01 -0.36523997E+01 0.26552184E-02 -0.13024165E-02 0.26594212E-03
 -0.40566504E+01 -0.33610570E+01 0.17544107E-02 -0.11362260E-02 0.25605926E-03
 -0.40311682E+01 -0.31124797E+01 0.18820080E-02 -0.10684087E-02 0.25185728E-03
 -0.40068152E+01 -0.28658486E+01 0.16384199E-02 -0.98716790E-03 0.24879351E-03
 -0.39832018E+01 -0.26648968E+01 0.23829167E-02 -0.98573402E-03 0.24312010E-03
 -0.39606559E+01 -0.24509061E+01 0.27190355E-02 -0.98278708E-03 0.24030402E-03
 -0.39387899E+01 -0.22404419E+01 0.23848465E-02 -0.90033606E-03 0.23771782E-03
 -0.39176162E+01 -0.20425119E+01 0.20117907E-02 -0.80649213E-03 0.23632036E-03
 -0.38970445E+01 -0.18645189E+01 0.20447722E-02 -0.74756058E-03 0.23289980E-03
 -0.38770749E+01 -0.16963222E+01 0.23438819E-02 -0.73053661E-03 0.22841673E-03
 -0.38577340E+01 -0.15268631E+01 0.23403216E-02 -0.68989078E-03 0.23086036E-03
 -0.38388397E+01 -0.13719101E+01 0.25549659E-02 -0.67652900E-03 0.22711853E-03
 -0.38204543E+01 -0.12249924E+01 0.29815725E-02 -0.69008045E-03 0.22350064E-03
 -0.38024766E+01 -0.10886602E+01 0.36305367E-02 -0.72388387E-03 0.22456325E-03
 -0.37849926E+01 -0.94234711E+00 0.35695378E-02 -0.69374673E-03 0.22131327E-03
 -0.37678766E+01 -0.80794904E+00 0.38588227E-02 -0.70181432E-03 0.21960316E-03
 -0.37510652E+01 -0.68528074E+00 0.43624941E-02 -0.72331013E-03 0.21929132E-03
 -0.37346412E+01 -0.55024019E+00 0.39402616E-02 -0.63954777E-03 0.21742840E-03
 -0.37185380E+01 -0.43054592E+00 0.41816536E-02 -0.63117422E-03 0.21661641E-03
 -0.37027314E+01 -0.32018826E+00 0.48713913E-02 -0.69022797E-03 0.21550048E-03
 -0.36872317E+01 -0.19354586E+00 0.45073971E-02 -0.62858206E-03 0.21416049E-03
 -0.36720691E+01 -0.68614215E-01 0.41691871E-02 -0.57776878E-03 0.21312143E-03
 -0.36570650E+01 0.41715928E-01 0.42334025E-02 -0.57027492E-03 0.21501807E-03
 -0.36423305E+01 0.14471627E+00 0.45787131E-02 -0.59432945E-03 0.21236671E-03
 -0.36278703E+01 0.25681445E+00 0.43884107E-02 -0.56290191E-03 0.21420326E-03
 -0.36136530E+01 0.37637993E+00 0.38238941E-02 -0.50158412E-03 0.20991336E-03
 -0.35995281E+01 0.46953119E+00 0.40427077E-02 -0.50645957E-03 0.20885970E-03
 -0.35857205E+01 0.57289606E+00 0.39088419E-02 -0.48394519E-03 0.20719680E-03
 -0.35721122E+01 0.67709836E+00 0.36877017E-02 -0.45816895E-03 0.20465954E-03
 -0.35585806E+01 0.76517964E+00 0.39288734E-02 -0.47294974E-03 0.20284094E-03
 -0.35452463E+01 0.85432330E+00 0.40733101E-02 -0.48152853E-03 0.20245145E-03
 -0.35320887E+01 0.94725911E+00 0.40731378E-02 -0.47928875E-03 0.20124693E-03
 -0.35190482E+01 0.10338117E+01 0.40476009E-02 -0.46274795E-03 0.19959439E-03
 -0.35061572E+01 0.11098958E+01 0.45644346E-02 -0.51022707E-03 0.19858179E-03
 -0.34934256E+01 0.11964824E+01 0.44106761E-02 -0.48015158E-03 0.19519459E-03
 -0.34808680E+01 0.12815659E+01 0.43400859E-02 -0.46758788E-03 0.19318402E-03
 -0.34684066E+01 0.13663173E+01 0.41552894E-02 -0.43748185E-03 0.19363853E-03
 -0.34560859E+01 0.14450587E+01 0.41528823E-02 -0.42594466E-03 0.19350866E-03
 -0.34438823E+01 0.15242690E+01 0.41628510E-02 -0.42140732E-03 0.19386286E-03
 -0.34317694E+01 0.15935932E+01 0.44847948E-02 -0.44471859E-03 0.19262850E-03
 -0.34197859E+01 0.16687976E+01 0.45195633E-02 -0.44692418E-03 0.19031468E-03
 -0.34079086E+01 0.17410241E+01 0.46850403E-02 -0.45950860E-03 0.18811114E-03
 -0.33961461E+01 0.18217338E+01 0.43057854E-02 -0.41248929E-03 0.18664427E-03
 -0.33844825E+01 0.19006976E+01 0.40081251E-02 -0.37856579E-03 0.18750526E-03
 -0.33728868E+01 0.19721401E+01 0.39130581E-02 -0.35830161E-03 0.18544094E-03
 -0.33613383E+01 0.20354724E+01 0.41401913E-02 -0.37532962E-03 0.18479718E-03
 -0.33498895E+01 0.21019801E+01 0.41479667E-02 -0.37444407E-03 0.18289737E-03
 -0.33386110E+01 0.21802859E+01 0.37625422E-02 -0.33498197E-03 0.18374936E-03
 -0.33273165E+01 0.22432904E+01 0.38475197E-02 -0.33674633E-03 0.18118758E-03
 -0.33161262E+01 0.23117139E+01 0.37154366E-02 -0.32602581E-03 0.18002581E-03
 -0.33049910E+01 0.23696459E+01 0.39613997E-02 -0.34545533E-03 0.17890540E-03
 -0.32939358E+01 0.24391390E+01 0.36163352E-02 -0.30502431E-03 0.17796559E-03
 -0.32829495E+01 0.25010806E+01 0.35398313E-02 -0.28893430E-03 0.17763985E-03
 -0.32721100E+01 0.25715920E+01 0.32780045E-02 -0.26627225E-03 0.17838986E-03
 -0.32612259E+01 0.26312090E+01 0.33237998E-02 -0.27116432E-03 0.17815011E-03
 -0.32504232E+01 0.26893100E+01 0.34819485E-02 -0.29355938E-03 0.17812861E-03
 -0.32396899E+01 0.27525616E+01 0.32560422E-02 -0.26916185E-03 0.17604560E-03
 -0.32289880E+01 0.28142167E+01 0.30483634E-02 -0.24345012E-03 0.17706854E-03
 -0.32183278E+01 0.28746837E+01 0.28118626E-02 -0.21243451E-03 0.17717247E-03
 -0.32077107E+01 0.29326930E+01 0.26102916E-02 -0.18097131E-03 0.17591345E-03
 -0.31971371E+01 0.29876360E+01 0.26713091E-02 -0.18864700E-03 0.17601774E-03
 -0.31866022E+01 0.30411428E+01 0.26464333E-02 -0.17911644E-03 0.17521940E-03
 -0.31761248E+01 0.30965141E+01 0.25883104E-02 -0.17136855E-03 0.17423501E-03
 -0.31656779E+01 0.31530678E+01 0.24251206E-02 -0.15146046E-03 0.17348993E-03
 -0.31552600E+01 0.32086662E+01 0.23153194E-02 -0.14089693E-03 0.17497943E-03
 -0.31448739E+01 0.32639425E+01 0.21494259E-02 -0.11998303E-03 0.17491620E-03
 -0.31344906E+01 0.33108011E+01 0.23257310E-02 -0.13659279E-03 0.17438234E-03
 -0.31241749E+01 0.33595981E+01 0.25334146E-02 -0.16344806E-03 0.17404115E-03
 -0.31139050E+01 0.34155142E+01 0.22994156E-02 -0.13566950E-03 0.17328106E-03
 -0.31036656E+01 0.34667958E+01 0.23472946E-02 -0.14530854E-03 0.17334841E-03
 -0.30934242E+01 0.35163178E+01 0.23389282E-02 -0.14134345E-03 0.17431054E-03
 -0.30832283E+01 0.35643326E+01 0.24514804E-02 -0.15131177E-03 0.17370459E-03
 -0.30730428E+01 0.36131745E+01 0.24172190E-02 -0.14573598E-03 0.17211142E-03
 -0.30628758E+01 0.36629588E+01 0.23184413E-02 -0.13362862E-03 0.17071656E-03
 -0.30527139E+01 0.37093161E+01 0.24878939E-02 -0.16026076E-03 0.17066727E-03
 -0.30425869E+01 0.37568545E+01 0.26090538E-02 -0.18256253E-03 0.17094789E-03
 -0.30324469E+01 0.38056641E+01 0.25882522E-02 -0.18757912E-03 0.17249118E-03
 -0.30223002E+01 0.38514287E+01 0.25739425E-02 -0.18888614E-03 0.17316489E-03
 -0.30121838E+01 0.38997632E+01 0.24449792E-02 -0.17518155E-03 0.17345579E-03
 -0.30021091E+01 0.39493703E+01 0.23866523E-02 -0.17868602E-03 0.17264822E-03
 -0.29920213E+01 0.39969447E+01 0.22489142E-02 -0.16456717E-03 0.17428278E-03
 -0.29819545E+01 0.40486109E+01 0.18918009E-02 -0.12672585E-03 0.17472375E-03
 -0.29718708E+01 0.40988077E+01 0.16376439E-02 -0.98873724E-04 0.17583597E-03
 -0.29618083E+01 0.41496123E+01 0.13307763E-02 -0.66898630E-04 0.17397943E-03
 -0.29517416E+01 0.41989153E+01 0.12470215E-02 -0.71599369E-04 0.17342683E-03
 -0.29416718E+01 0.42447533E+01 0.12527563E-02 -0.80182556E-04 0.17604888E-03
 -0.29316041E+01 0.42941897E+01 0.11213537E-02 -0.78822698E-04 0.17582681E-03
 -0.29214861E+01 0.43332227E+01 0.12894839E-02 -0.99491146E-04 0.17643318E-03
 -0.29113815E+01 0.43793541E+01 0.10349181E-02 -0.69703580E-04 0.17508863E-03
 -0.29012881E+01 0.44256106E+01 0.92433919E-03 -0.64125615E-04 0.17689036E-03
 -0.28911501E+01 0.44622806E+01 0.12273928E-02 -0.10440874E-03 0.17743913E-03
 -0.28810271E+01 0.45051045E+01 0.12185602E-02 -0.11049532E-03 0.17868135E-03
 -0.28708858E+01 0.45447006E+01 0.12888018E-02 -0.12069435E-03 0.17827083E-03
 -0.28607258E+01 0.45851963E+01 0.14176794E-02 -0.14274154E-03 0.17743682E-03
 -0.28505499E+01 0.46324788E+01 0.10534480E-02 -0.10536618E-03 0.17739842E-03
 -0.28403346E+01 0.46727230E+01 0.11049677E-02 -0.11793822E-03 0.17767984E-03
 -0.28301071E+01 0.47155569E+01 0.91578499E-03 -0.98479573E-04 0.17691980E-03
 -0.28198736E+01 0.47601879E+01 0.70871980E-03 -0.80964343E-04 0.17767214E-03
 -0.28095904E+01 0.47942741E+01 0.94698221E-03 -0.10511252E-03 0.17846748E-03
 -0.27992997E+01 0.48356637E+01 0.92690714E-03 -0.11086463E-03 0.17963314E-03
 -0.27889782E+01 0.48783814E+01 0.81764961E-03 -0.10611972E-03 0.17821277E-03
 -0.27786222E+01 0.49209143E+01 0.66394929E-03 -0.95210575E-04 0.17983683E-03
 -0.27682380E+01 0.49599508E+01 0.63022298E-03 -0.90593543E-04 0.17876318E-03
 -0.27578143E+01 0.50021608E+01 0.45737773E-03 -0.76831755E-04 0.17758503E-03
 -0.27473727E+01 0.50434557E+01 0.40598026E-03 -0.78836188E-04 0.17673856E-03
 -0.27368814E+01 0.50792893E+01 0.59885807E-03 -0.10614400E-03 0.17673757E-03
 -0.27263583E+01 0.51238487E+01 0.34934999E-03 -0.85154702E-04 0.17878504E-03
 -0.27157762E+01 0.51600063E+01 0.50643777E-03 -0.10784522E-03 0.17906099E-03
 -0.27051320E+01 0.51945080E+01 0.59407503E-03 -0.11513902E-03 0.17740758E-03
 -0.26944856E+01 0.52360131E+01 0.48743940E-03 -0.10354742E-03 0.17772099E-03
 -0.26837793E+01 0.52831915E+01 0.87289335E-04 -0.65099742E-04 0.17811693E-03
 -0.26730510E+01 0.53292074E+01 -0.24704062E-03 -0.37008797E-04 0.17901741E-03
 -0.26622319E+01 0.53721191E+01 -0.48677541E-03 -0.16422476E-04 0.17902185E-03
 -0.26513045E+01 0.54028997E+01 -0.19452663E-03 -0.48790731E-04 0.18029968E-03
 -0.26403335E+01 0.54352576E+01 -0.37326489E-04 -0.64160546E-04 0.18042143E-03
 -0.26293535E+01 0.54757473E+01 -0.65995946E-04 -0.69363936E-04 0.18037636E-03
 -0.26183027E+01 0.55158597E+01 -0.10822961E-03 -0.70634508E-04 0.18134839E-03
 -0.26071658E+01 0.55531593E+01 -0.89507395E-04 -0.77481847E-04 0.18008986E-03
 -0.25959499E+01 0.55891308E+01 -0.10059541E-03 -0.78393336E-04 0.18334971E-03
 -0.25846473E+01 0.56254962E+01 -0.10473323E-03 -0.79806883E-04 0.18242580E-03
 -0.25732468E+01 0.56617614E+01 -0.18414979E-03 -0.69108952E-04 0.18384501E-03
 -0.25618767E+01 0.57149207E+01 -0.79498466E-03 -0.12960984E-04 0.18164907E-03
 -0.25503608E+01 0.57516164E+01 -0.77765946E-03 -0.18083715E-04 0.18287325E-03
 -0.25387635E+01 0.57951249E+01 -0.95011355E-03 -0.11720375E-04 0.18415534E-03
 -0.25271223E+01 0.58460964E+01 -0.14611816E-02 0.29450532E-04 0.18220400E-03
 -0.25153170E+01 0.58847418E+01 -0.15203865E-02 0.29197509E-04 0.18294098E-03
 -0.25033943E+01 0.59206213E+01 -0.14975136E-02 0.25580010E-04 0.18243558E-03
 -0.24913411E+01 0.59553419E+01 -0.14643289E-02 0.21734002E-04 0.18129732E-03
 -0.24792724E+01 0.60012814E+01 -0.17695735E-02 0.43450549E-04 0.18186337E-03
 -0.24669941E+01 0.60320581E+01 -0.15367645E-02 0.17340319E-04 0.18130310E-03
 -0.24546395E+01 0.60774924E+01 -0.18961459E-02 0.49683800E-04 0.18159539E-03
 -0.24421535E+01 0.61176333E+01 -0.19988619E-02 0.52941635E-04 0.18311539E-03
 -0.24295658E+01 0.61620426E+01 -0.23371918E-02 0.87715974E-04 0.18375847E-03
 -0.24168233E+01 0.61993696E+01 -0.22366965E-02 0.67866247E-04 0.18631230E-03
 -0.24039163E+01 0.62332979E+01 -0.20914065E-02 0.48496449E-04 0.18792497E-03
 -0.23908759E+01 0.62794990E+01 -0.24532873E-02 0.81189955E-04 0.19067718E-03
 -0.23776996E+01 0.63229307E+01 -0.27131736E-02 0.10475730E-03 0.19132585E-03
 -0.23643935E+01 0.63691340E+01 -0.28313711E-02 0.96659516E-04 0.19280387E-03
 -0.23508927E+01 0.64126965E+01 -0.30343883E-02 0.11351408E-03 0.19090513E-03
 -0.23371937E+01 0.64481779E+01 -0.28067441E-02 0.79095578E-04 0.19392626E-03
 -0.23232518E+01 0.64786563E+01 -0.24529043E-02 0.38857894E-04 0.19614896E-03
 -0.23091069E+01 0.65144967E+01 -0.24005330E-02 0.32227605E-04 0.19747854E-03
 -0.22947939E+01 0.65533754E+01 -0.23642152E-02 0.22301824E-04 0.20044260E-03
 -0.22802446E+01 0.65837702E+01 -0.18896420E-02 -0.35751053E-04 0.20204553E-03
 -0.22655259E+01 0.66282941E+01 -0.21807257E-02 -0.34669598E-05 0.20350906E-03
 -0.22505441E+01 0.66629040E+01 -0.18860728E-02 -0.46881900E-04 0.20091723E-03
 -0.22353635E+01 0.67161001E+01 -0.23439875E-02 -0.13002276E-04 0.20294202E-03
 -0.22199028E+01 0.67656132E+01 -0.26379060E-02 0.77608822E-05 0.20415985E-03
 -0.22040857E+01 0.68091414E+01 -0.27724841E-02 0.14810246E-04 0.20449165E-03
 -0.21879572E+01 0.68532512E+01 -0.29829602E-02 0.39053298E-04 0.20965999E-03
 -0.21715165E+01 0.68910697E+01 -0.27855429E-02 0.12769937E-04 0.21118136E-03
 -0.21547807E+01 0.69347237E+01 -0.27136338E-02 -0.64560173E-05 0.21589891E-03
 -0.21375854E+01 0.69655822E+01 -0.23083304E-02 -0.51389649E-04 0.21773485E-03
 -0.21201333E+01 0.70311939E+01 -0.32618757E-02 0.37593272E-04 0.21687853E-03
 -0.21022658E+01 0.70882242E+01 -0.38055396E-02 0.86605886E-04 0.21943948E-03
 -0.20839711E+01 0.71333233E+01 -0.37222739E-02 0.69608892E-04 0.22209250E-03
 -0.20652216E+01 0.71874745E+01 -0.39867444E-02 0.86554393E-04 0.22499488E-03
 -0.20459718E+01 0.72409829E+01 -0.41427189E-02 0.87733899E-04 0.22873947E-03
 -0.20260926E+01 0.72878171E+01 -0.41721397E-02 0.85568199E-04 0.22853145E-03
 -0.20057273E+01 0.73469793E+01 -0.45872066E-02 0.11627096E-03 0.23424587E-03
 -0.19847164E+01 0.74017327E+01 -0.47413353E-02 0.12476616E-03 0.23657606E-03
 -0.19629242E+01 0.74454285E+01 -0.45037593E-02 0.98465670E-04 0.23790018E-03
 -0.19404058E+01 0.74921513E+01 -0.42304695E-02 0.55096045E-04 0.24430263E-03
 -0.19171390E+01 0.75434973E+01 -0.40948335E-02 0.31566507E-04 0.24805068E-03
 -0.18930110E+01 0.76022884E+01 -0.42893114E-02 0.47888604E-04 0.25026181E-03
 -0.18677569E+01 0.76495761E+01 -0.42565848E-02 0.51409283E-04 0.25289264E-03
 -0.18415964E+01 0.77163123E+01 -0.48308584E-02 0.11379772E-03 0.25775774E-03
 -0.18142603E+01 0.77774056E+01 -0.50364320E-02 0.13085374E-03 0.25841188E-03
 -0.17856313E+01 0.78392808E+01 -0.49795650E-02 0.11049258E-03 0.27062731E-03
 -0.17554155E+01 0.79037553E+01 -0.51899518E-02 0.13679647E-03 0.27236256E-03
 -0.17235789E+01 0.79746410E+01 -0.54388499E-02 0.16723512E-03 0.27826626E-03
 -0.16897302E+01 0.80352943E+01 -0.52775998E-02 0.15085839E-03 0.29387284E-03
 -0.16537075E+01 0.80893183E+01 -0.44025254E-02 0.56359077E-04 0.29767291E-03
 -0.16151262E+01 0.81570138E+01 -0.39042916E-02 -0.56347804E-05 0.30012310E-03
 -0.15735153E+01 0.82698483E+01 -0.52096547E-02 0.11546997E-03 0.31621086E-03
 -0.15281600E+01 0.83665046E+01 -0.58135683E-02 0.17621831E-03 0.33019560E-03
 -0.14782588E+01 0.84515881E+01 -0.50694649E-02 0.73807875E-04 0.33853047E-03
 -0.14224635E+01 0.85307668E+01 -0.43690643E-02 0.33564805E-05 0.36021289E-03
 -0.13594116E+01 0.86560812E+01 -0.50167504E-02 0.45467253E-04 0.38587520E-03
 -0.12867391E+01 0.87981647E+01 -0.54375623E-02 0.90290528E-04 0.42456936E-03
 -0.11996034E+01 0.89086368E+01 -0.43082995E-02 -0.32002033E-05 0.45397455E-03
 -0.10909678E+01 0.91169864E+01 -0.57334295E-02 0.18015054E-03 0.50352407E-03
 -0.94347519E+00 0.93800587E+01 -0.72926157E-02 0.42836200E-03 0.61416332E-03
 -0.90590387E+00 0.94095449E+01 -0.60765200E-02 0.32538920E-03 0.64106692E-03
 -0.86456643E+00 0.94752934E+01 -0.60700874E-02 0.36984634E-03 0.65791357E-03
 -0.81831031E+00 0.94984507E+01 -0.41644869E-02 0.25119017E-03 0.69732719E-03
 -0.76537238E+00 0.95455212E+01 -0.25608250E-02 0.10360079E-03 0.75765528E-03
 -0.70431866E+00 0.97033063E+01 -0.45972031E-02 0.37558210E-03 0.80886476E-03
 -0.63086878E+00 0.98624111E+01 -0.66702019E-02 0.74832525E-03 0.86896080E-03
 -0.53863546E+00 0.10047357E+02 -0.62140973E-02 0.73958204E-03 0.96783294E-03
 -0.41104126E+00 0.10238642E+02 -0.53616517E-02 0.88672740E-03 0.11501680E-02
 -0.20270166E+00 0.10613374E+02 -0.12678232E-02 0.73206120E-03 0.15296591E-02
 -0.61400225E-02 0.11346589E+02 -0.10055043E-01 0.19944822E-02 0.21408897E-02
 0.24206913E+00 0.12085574E+02 -0.13993100E-01 0.33736769E-02 0.31598089E-02
 0.42355943E+00 0.12745813E+02 -0.27228906E-01 0.58565153E-02 0.42769571E-02
