Copyright (c) James G. MacKinnon, 1999
ecmnc     4  4  7   20
 -0.54747406E+01 -0.26709273E+02 -0.55107487E-01 -0.52451205E-02 0.35882231E-02
 -0.53128787E+01 -0.23879021E+02 -0.31908231E-01 -0.49432322E-02 0.28172766E-02
 -0.50855544E+01 -0.19997213E+02 -0.14878339E-01 -0.39894705E-02 0.18324545E-02
 -0.49059625E+01 -0.16851076E+02 -0.13168453E-01 -0.30017895E-02 0.13089926E-02
 -0.47148161E+01 -0.13887712E+02 -0.12424019E-01 -0.17363517E-02 0.10017979E-02
 -0.45974910E+01 -0.12290191E+02 -0.69221637E-02 -0.16841352E-02 0.86086128E-03
 -0.45112327E+01 -0.11144289E+02 -0.51247121E-02 -0.15080634E-02 0.74725429E-03
 -0.44424920E+01 -0.10301659E+02 -0.32115952E-02 -0.14144601E-02 0.67264350E-03
 -0.43848709E+01 -0.96324982E+01 -0.63766637E-03 -0.14565211E-02 0.62004215E-03
 -0.43350600E+01 -0.90670511E+01 0.45373770E-03 -0.14164815E-02 0.57762661E-03
 -0.42913696E+01 -0.85253035E+01 -0.79131258E-03 -0.11736938E-02 0.53885591E-03
 -0.42523098E+01 -0.80423910E+01 -0.20654414E-02 -0.96804113E-03 0.50440390E-03
 -0.42166977E+01 -0.76713919E+01 -0.16312817E-02 -0.91100773E-03 0.49242754E-03
 -0.40757742E+01 -0.60979790E+01 -0.31342693E-02 -0.56314281E-03 0.42524295E-03
 -0.39701012E+01 -0.51069206E+01 -0.15172561E-02 -0.55826347E-03 0.40994975E-03
 -0.38847748E+01 -0.43348531E+01 -0.76559870E-03 -0.55375219E-03 0.37447431E-03
 -0.38128457E+01 -0.36865292E+01 -0.15339224E-02 -0.42426443E-03 0.34765241E-03
 -0.37501771E+01 -0.31363185E+01 -0.25417860E-02 -0.30310212E-03 0.33497652E-03
 -0.36944790E+01 -0.26756062E+01 -0.28585548E-02 -0.25663513E-03 0.31654493E-03
 -0.36439401E+01 -0.22798592E+01 -0.32648529E-02 -0.20600682E-03 0.30890531E-03
 -0.35978087E+01 -0.19235936E+01 -0.36548873E-02 -0.17237157E-03 0.30143696E-03
 -0.35550418E+01 -0.16219739E+01 -0.35847968E-02 -0.16704133E-03 0.28776607E-03
 -0.35154181E+01 -0.13100712E+01 -0.46765617E-02 -0.77773965E-04 0.28451102E-03
 -0.34780042E+01 -0.10743119E+01 -0.41843764E-02 -0.11931095E-03 0.28172591E-03
 -0.34428244E+01 -0.84048165E+00 -0.42537301E-02 -0.11289199E-03 0.26977644E-03
 -0.34095626E+01 -0.61838742E+00 -0.44009563E-02 -0.10744610E-03 0.26404112E-03
 -0.33778814E+01 -0.41035089E+00 -0.46886708E-02 -0.90906867E-04 0.25926181E-03
 -0.33475741E+01 -0.21936587E+00 -0.50187071E-02 -0.63775967E-04 0.25583004E-03
 -0.33185217E+01 -0.63314505E-01 -0.44079600E-02 -0.11490804E-03 0.25413869E-03
 -0.32905414E+01 0.85483881E-01 -0.39791728E-02 -0.15570238E-03 0.25519496E-03
 -0.32637586E+01 0.25020244E+00 -0.43220597E-02 -0.13894384E-03 0.25018935E-03
 -0.32378427E+01 0.39614229E+00 -0.44733014E-02 -0.12906430E-03 0.25108344E-03
 -0.32128325E+01 0.53741339E+00 -0.45590361E-02 -0.13076091E-03 0.24594642E-03
 -0.31885552E+01 0.66615705E+00 -0.46170572E-02 -0.12792090E-03 0.24252743E-03
 -0.31650327E+01 0.80181545E+00 -0.50920917E-02 -0.90455067E-04 0.24101751E-03
 -0.31420702E+01 0.91134119E+00 -0.48934558E-02 -0.10988913E-03 0.23893389E-03
 -0.31198892E+01 0.10379638E+01 -0.52732737E-02 -0.91148311E-04 0.23619841E-03
 -0.30981937E+01 0.11510986E+01 -0.54960725E-02 -0.80358395E-04 0.23485160E-03
 -0.30770836E+01 0.12721348E+01 -0.59215181E-02 -0.65542660E-04 0.23271527E-03
 -0.30563657E+01 0.13711817E+01 -0.59647837E-02 -0.65922621E-04 0.22891307E-03
 -0.30361745E+01 0.14788508E+01 -0.63909040E-02 -0.39338506E-04 0.22675289E-03
 -0.30162828E+01 0.15705702E+01 -0.64421171E-02 -0.44209264E-04 0.22538468E-03
 -0.29968609E+01 0.16678010E+01 -0.67557977E-02 -0.29993611E-04 0.22442178E-03
 -0.29777835E+01 0.17528681E+01 -0.68221981E-02 -0.30822333E-04 0.22360435E-03
 -0.29590900E+01 0.18362954E+01 -0.68233839E-02 -0.40769212E-04 0.22080990E-03
 -0.29407700E+01 0.19317302E+01 -0.75068824E-02 0.89211607E-05 0.22125323E-03
 -0.29226766E+01 0.20123481E+01 -0.76651678E-02 0.13807995E-04 0.21605638E-03
 -0.29049085E+01 0.20863605E+01 -0.76703288E-02 0.67507235E-05 0.21439172E-03
 -0.28874390E+01 0.21645785E+01 -0.79196708E-02 0.17371355E-04 0.21370402E-03
 -0.28702128E+01 0.22319697E+01 -0.78264888E-02 0.38630980E-05 0.21001490E-03
 -0.28532187E+01 0.22964511E+01 -0.77376053E-02 -0.87551902E-05 0.20804461E-03
 -0.28364229E+01 0.23560127E+01 -0.74839629E-02 -0.39429797E-04 0.21009470E-03
 -0.28199389E+01 0.24299848E+01 -0.77995746E-02 -0.23078850E-04 0.21096467E-03
 -0.28036164E+01 0.24919276E+01 -0.78707565E-02 -0.24736114E-04 0.20962631E-03
 -0.27875194E+01 0.25553611E+01 -0.79810412E-02 -0.23289927E-04 0.21071507E-03
 -0.27715691E+01 0.26071612E+01 -0.78404645E-02 -0.39973523E-04 0.21144854E-03
 -0.27558604E+01 0.26728600E+01 -0.82063362E-02 -0.14283661E-04 0.21032069E-03
 -0.27402858E+01 0.27249882E+01 -0.80535886E-02 -0.35034729E-04 0.20799234E-03
 -0.27248844E+01 0.27801389E+01 -0.81128767E-02 -0.35176188E-04 0.20769861E-03
 -0.27096330E+01 0.28331335E+01 -0.81357080E-02 -0.41854751E-04 0.20670109E-03
 -0.26945407E+01 0.28887090E+01 -0.83213297E-02 -0.32997072E-04 0.20428005E-03
 -0.26796214E+01 0.29387604E+01 -0.83606463E-02 -0.35300263E-04 0.20360868E-03
 -0.26648118E+01 0.29907844E+01 -0.84871934E-02 -0.31218035E-04 0.20300724E-03
 -0.26501390E+01 0.30429034E+01 -0.86306444E-02 -0.28910011E-04 0.20157797E-03
 -0.26356656E+01 0.31010531E+01 -0.89404314E-02 -0.15297139E-04 0.20095396E-03
 -0.26212243E+01 0.31471549E+01 -0.90107336E-02 -0.16623340E-04 0.20338033E-03
 -0.26069695E+01 0.32022807E+01 -0.93608167E-02 0.33414283E-05 0.20201439E-03
 -0.25928250E+01 0.32549118E+01 -0.96391538E-02 0.17431437E-04 0.20114336E-03
 -0.25787620E+01 0.33056716E+01 -0.99592267E-02 0.36952817E-04 0.20177191E-03
 -0.25647407E+01 0.33474399E+01 -0.10015399E-01 0.36270650E-04 0.19944758E-03
 -0.25508108E+01 0.33872318E+01 -0.10038793E-01 0.33499338E-04 0.19818352E-03
 -0.25369641E+01 0.34272031E+01 -0.10126140E-01 0.37373875E-04 0.19484572E-03
 -0.25232210E+01 0.34674617E+01 -0.10234084E-01 0.40729871E-04 0.19648806E-03
 -0.25096202E+01 0.35133752E+01 -0.10521140E-01 0.58506651E-04 0.19619916E-03
 -0.24960666E+01 0.35568428E+01 -0.10754150E-01 0.71396575E-04 0.19809171E-03
 -0.24825824E+01 0.35976754E+01 -0.10949644E-01 0.84628585E-04 0.19762221E-03
 -0.24691062E+01 0.36306600E+01 -0.10884700E-01 0.74899367E-04 0.19658009E-03
 -0.24557602E+01 0.36691217E+01 -0.11013536E-01 0.80010940E-04 0.19510437E-03
 -0.24424288E+01 0.36979009E+01 -0.10832271E-01 0.61001784E-04 0.19319707E-03
 -0.24291943E+01 0.37331657E+01 -0.10912083E-01 0.62419652E-04 0.19108918E-03
 -0.24159945E+01 0.37680857E+01 -0.10986274E-01 0.62884862E-04 0.19043202E-03
 -0.24029174E+01 0.38075060E+01 -0.11217646E-01 0.75992727E-04 0.18962810E-03
 -0.23897860E+01 0.38330037E+01 -0.11078037E-01 0.62221236E-04 0.19024036E-03
 -0.23767692E+01 0.38706094E+01 -0.11288773E-01 0.72718866E-04 0.19027153E-03
 -0.23638272E+01 0.39031849E+01 -0.11363136E-01 0.75378924E-04 0.19123399E-03
 -0.23508663E+01 0.39354729E+01 -0.11492160E-01 0.80843349E-04 0.19069925E-03
 -0.23379399E+01 0.39679257E+01 -0.11655765E-01 0.88649097E-04 0.18891874E-03
 -0.23251099E+01 0.40037097E+01 -0.11865980E-01 0.98085376E-04 0.18834829E-03
 -0.23123070E+01 0.40410140E+01 -0.12137118E-01 0.11119640E-03 0.18800827E-03
 -0.22995236E+01 0.40730799E+01 -0.12228832E-01 0.11113219E-03 0.18785301E-03
 -0.22867544E+01 0.40966618E+01 -0.12089543E-01 0.95577273E-04 0.18804231E-03
 -0.22739835E+01 0.41233526E+01 -0.12177101E-01 0.99632286E-04 0.18810878E-03
 -0.22612742E+01 0.41488031E+01 -0.12223154E-01 0.10178777E-03 0.18887934E-03
 -0.22485938E+01 0.41764349E+01 -0.12287296E-01 0.10267290E-03 0.18991843E-03
 -0.22358979E+01 0.42029224E+01 -0.12413865E-01 0.11211312E-03 0.19268473E-03
 -0.22233175E+01 0.42370223E+01 -0.12708422E-01 0.13029494E-03 0.19125138E-03
 -0.22106822E+01 0.42630587E+01 -0.12764072E-01 0.12936815E-03 0.19164634E-03
 -0.21980871E+01 0.42949977E+01 -0.12994464E-01 0.14268899E-03 0.19146549E-03
 -0.21855009E+01 0.43241392E+01 -0.13181446E-01 0.15274624E-03 0.19231678E-03
 -0.21729212E+01 0.43515064E+01 -0.13295014E-01 0.15619520E-03 0.19124994E-03
 -0.21603104E+01 0.43737328E+01 -0.13306620E-01 0.15368921E-03 0.19183298E-03
 -0.21477179E+01 0.44000553E+01 -0.13480428E-01 0.16366620E-03 0.19416874E-03
 -0.21351524E+01 0.44250790E+01 -0.13516998E-01 0.15978071E-03 0.19723158E-03
 -0.21225695E+01 0.44509699E+01 -0.13663245E-01 0.16581704E-03 0.19541235E-03
 -0.21099996E+01 0.44772420E+01 -0.13824701E-01 0.17476301E-03 0.19440308E-03
 -0.20973850E+01 0.44979802E+01 -0.13897265E-01 0.17958661E-03 0.19242776E-03
 -0.20847756E+01 0.45199716E+01 -0.13993022E-01 0.18502400E-03 0.19215751E-03
 -0.20721465E+01 0.45402198E+01 -0.14031012E-01 0.18413208E-03 0.19364922E-03
 -0.20594993E+01 0.45567126E+01 -0.14011261E-01 0.18046789E-03 0.19281179E-03
 -0.20468684E+01 0.45785210E+01 -0.14114753E-01 0.18544765E-03 0.19321893E-03
 -0.20342286E+01 0.46005681E+01 -0.14224015E-01 0.18901776E-03 0.19115025E-03
 -0.20215592E+01 0.46193770E+01 -0.14271102E-01 0.18910322E-03 0.19081059E-03
 -0.20088644E+01 0.46376403E+01 -0.14314022E-01 0.18984364E-03 0.19127980E-03
 -0.19961622E+01 0.46531604E+01 -0.14254315E-01 0.18253617E-03 0.19077465E-03
 -0.19834611E+01 0.46736200E+01 -0.14352133E-01 0.18616216E-03 0.19087066E-03
 -0.19707062E+01 0.46899754E+01 -0.14298743E-01 0.17552602E-03 0.19169030E-03
 -0.19579311E+01 0.47063189E+01 -0.14322539E-01 0.17591698E-03 0.19351431E-03
 -0.19451265E+01 0.47267747E+01 -0.14496826E-01 0.18831994E-03 0.19352960E-03
 -0.19322801E+01 0.47406492E+01 -0.14420657E-01 0.17879502E-03 0.19470314E-03
 -0.19194145E+01 0.47638302E+01 -0.14676854E-01 0.19512345E-03 0.19638529E-03
 -0.19064775E+01 0.47752286E+01 -0.14556385E-01 0.18386123E-03 0.19702784E-03
 -0.18935985E+01 0.48012606E+01 -0.14873043E-01 0.20312571E-03 0.19603627E-03
 -0.18805913E+01 0.48158198E+01 -0.14910832E-01 0.20397612E-03 0.19505559E-03
 -0.18675994E+01 0.48323524E+01 -0.14912003E-01 0.19877732E-03 0.19463874E-03
 -0.18545510E+01 0.48517171E+01 -0.15056761E-01 0.20735463E-03 0.19433535E-03
 -0.18414199E+01 0.48701573E+01 -0.15264444E-01 0.22210448E-03 0.19397322E-03
 -0.18282718E+01 0.48880872E+01 -0.15337796E-01 0.22224576E-03 0.19295968E-03
 -0.18150632E+01 0.49068787E+01 -0.15512961E-01 0.23369120E-03 0.19393582E-03
 -0.18018087E+01 0.49204304E+01 -0.15499864E-01 0.22892406E-03 0.19471819E-03
 -0.17884783E+01 0.49321758E+01 -0.15462287E-01 0.22476489E-03 0.19291455E-03
 -0.17750746E+01 0.49480474E+01 -0.15636443E-01 0.23847166E-03 0.19285934E-03
 -0.17616466E+01 0.49625174E+01 -0.15681653E-01 0.23793790E-03 0.19488669E-03
 -0.17481113E+01 0.49775324E+01 -0.15746892E-01 0.23763050E-03 0.19433594E-03
 -0.17344705E+01 0.49839039E+01 -0.15560216E-01 0.22110650E-03 0.19644181E-03
 -0.17208291E+01 0.50006230E+01 -0.15751203E-01 0.23384797E-03 0.19580991E-03
 -0.17070826E+01 0.50099012E+01 -0.15690191E-01 0.22722565E-03 0.19530240E-03
 -0.16932612E+01 0.50219435E+01 -0.15664735E-01 0.22014178E-03 0.19388608E-03
 -0.16793282E+01 0.50288979E+01 -0.15539746E-01 0.20761468E-03 0.19488487E-03
 -0.16653469E+01 0.50406685E+01 -0.15577411E-01 0.20865320E-03 0.19583143E-03
 -0.16513014E+01 0.50527567E+01 -0.15590515E-01 0.20699063E-03 0.19653546E-03
 -0.16371396E+01 0.50640007E+01 -0.15595630E-01 0.20436581E-03 0.19466652E-03
 -0.16228737E+01 0.50749781E+01 -0.15612521E-01 0.20290039E-03 0.19523079E-03
 -0.16085730E+01 0.50911039E+01 -0.15826299E-01 0.21706333E-03 0.19716018E-03
 -0.15941070E+01 0.51002092E+01 -0.15827915E-01 0.21351210E-03 0.19629849E-03
 -0.15795103E+01 0.51046668E+01 -0.15741778E-01 0.20799155E-03 0.19694131E-03
 -0.15648015E+01 0.51080324E+01 -0.15629134E-01 0.19972910E-03 0.19792866E-03
 -0.15500660E+01 0.51217839E+01 -0.15768057E-01 0.20823881E-03 0.20149788E-03
 -0.15351723E+01 0.51330275E+01 -0.15838365E-01 0.21180548E-03 0.20191560E-03
 -0.15201282E+01 0.51405790E+01 -0.15819910E-01 0.20762400E-03 0.20211232E-03
 -0.15049883E+01 0.51554130E+01 -0.16018961E-01 0.21995861E-03 0.20168177E-03
 -0.14897020E+01 0.51655727E+01 -0.16105834E-01 0.22437714E-03 0.20204395E-03
 -0.14742433E+01 0.51677556E+01 -0.15938251E-01 0.21038945E-03 0.20347377E-03
 -0.14586519E+01 0.51794662E+01 -0.16122071E-01 0.22267539E-03 0.20589704E-03
 -0.14429071E+01 0.51903501E+01 -0.16317933E-01 0.23816313E-03 0.20621580E-03
 -0.14269753E+01 0.51929825E+01 -0.16199551E-01 0.22809304E-03 0.20620594E-03
 -0.14108865E+01 0.51969716E+01 -0.16090136E-01 0.21624785E-03 0.20668673E-03
 -0.13946359E+01 0.51993996E+01 -0.16006143E-01 0.21059091E-03 0.21042250E-03
 -0.13781617E+01 0.51991610E+01 -0.15826756E-01 0.19673213E-03 0.21238589E-03
 -0.13616192E+01 0.52136127E+01 -0.16125680E-01 0.21828078E-03 0.21247126E-03
 -0.13447797E+01 0.52138812E+01 -0.15959436E-01 0.20272251E-03 0.21356541E-03
 -0.13277591E+01 0.52212148E+01 -0.16081298E-01 0.21134280E-03 0.21587222E-03
 -0.13105848E+01 0.52252747E+01 -0.16084184E-01 0.21289772E-03 0.21517411E-03
 -0.12931456E+01 0.52358200E+01 -0.16342626E-01 0.23223703E-03 0.21632489E-03
 -0.12754707E+01 0.52437195E+01 -0.16512780E-01 0.24620208E-03 0.21874223E-03
 -0.12574936E+01 0.52420268E+01 -0.16431077E-01 0.24217054E-03 0.21927499E-03
 -0.12392735E+01 0.52413546E+01 -0.16431053E-01 0.24720265E-03 0.22300259E-03
 -0.12208523E+01 0.52494248E+01 -0.16714662E-01 0.27106070E-03 0.22466977E-03
 -0.12021266E+01 0.52555063E+01 -0.16930460E-01 0.29120726E-03 0.22759085E-03
 -0.11831205E+01 0.52600549E+01 -0.17070919E-01 0.30582700E-03 0.22925956E-03
 -0.11637162E+01 0.52554054E+01 -0.16970726E-01 0.30166157E-03 0.23009590E-03
 -0.11440580E+01 0.52568258E+01 -0.16961523E-01 0.30015599E-03 0.23258392E-03
 -0.11240347E+01 0.52554442E+01 -0.16991627E-01 0.30597784E-03 0.23610701E-03
 -0.11037364E+01 0.52643319E+01 -0.17281265E-01 0.32999420E-03 0.23468310E-03
 -0.10830811E+01 0.52674033E+01 -0.17359773E-01 0.33719265E-03 0.23549931E-03
 -0.10619410E+01 0.52616646E+01 -0.17287312E-01 0.33617053E-03 0.23629239E-03
 -0.10403746E+01 0.52601879E+01 -0.17267055E-01 0.33635588E-03 0.23992586E-03
 -0.10183956E+01 0.52563877E+01 -0.17224569E-01 0.33317037E-03 0.24491299E-03
 -0.99594499E+00 0.52526800E+01 -0.17183588E-01 0.33130255E-03 0.24590769E-03
 -0.97299386E+00 0.52488668E+01 -0.17247849E-01 0.33994628E-03 0.24612590E-03
 -0.94942734E+00 0.52314995E+01 -0.16975986E-01 0.32661243E-03 0.24982046E-03
 -0.92536296E+00 0.52260987E+01 -0.17004611E-01 0.33518038E-03 0.25218577E-03
 -0.90078758E+00 0.52241166E+01 -0.17004507E-01 0.33539092E-03 0.25626908E-03
 -0.87554191E+00 0.52121513E+01 -0.16699508E-01 0.31332042E-03 0.25993904E-03
 -0.84961007E+00 0.52051658E+01 -0.16725018E-01 0.31880650E-03 0.26251897E-03
 -0.82296942E+00 0.51951853E+01 -0.16609190E-01 0.31294674E-03 0.26793903E-03
 -0.79553338E+00 0.51887790E+01 -0.16669163E-01 0.32454984E-03 0.27404893E-03
 -0.76718124E+00 0.51799634E+01 -0.16659792E-01 0.32774936E-03 0.27083925E-03
 -0.73800919E+00 0.51773768E+01 -0.16940450E-01 0.35880299E-03 0.27260944E-03
 -0.70778337E+00 0.51589524E+01 -0.16615112E-01 0.33926493E-03 0.27831860E-03
 -0.67665604E+00 0.51602907E+01 -0.16869471E-01 0.36249805E-03 0.28690865E-03
 -0.64413588E+00 0.51330766E+01 -0.16506309E-01 0.34813461E-03 0.29195872E-03
 -0.61047260E+00 0.51217216E+01 -0.16486230E-01 0.35397579E-03 0.29687340E-03
 -0.57536025E+00 0.51117888E+01 -0.16535400E-01 0.36431479E-03 0.30162911E-03
 -0.53854149E+00 0.50868613E+01 -0.16091795E-01 0.33555383E-03 0.30550779E-03
 -0.49973877E+00 0.50376205E+01 -0.15378202E-01 0.30050008E-03 0.31685765E-03
 -0.45918444E+00 0.50111961E+01 -0.15117818E-01 0.29046470E-03 0.32873247E-03
 -0.41636882E+00 0.49906931E+01 -0.15122038E-01 0.30342256E-03 0.33739555E-03
 -0.37097501E+00 0.49558064E+01 -0.14783367E-01 0.30431061E-03 0.34918883E-03
 -0.32259579E+00 0.49192381E+01 -0.14335263E-01 0.28986044E-03 0.35775524E-03
 -0.27089465E+00 0.48884624E+01 -0.13970180E-01 0.27271018E-03 0.36003523E-03
 -0.21511323E+00 0.48317025E+01 -0.12914542E-01 0.21691052E-03 0.38738287E-03
 -0.15443195E+00 0.47937844E+01 -0.12618214E-01 0.21756195E-03 0.39756471E-03
 -0.87760922E-01 0.47625186E+01 -0.12661053E-01 0.24975800E-03 0.41162582E-03
 -0.13576167E-01 0.47212495E+01 -0.12598685E-01 0.28450377E-03 0.43230335E-03
 0.70356193E-01 0.46435622E+01 -0.11334281E-01 0.23815119E-03 0.46081475E-03
 0.16755059E+00 0.45228071E+01 -0.87817718E-02 0.94673839E-04 0.50403209E-03
 0.28259815E+00 0.45112569E+01 -0.95532033E-02 0.22018740E-03 0.56061877E-03
 0.42622018E+00 0.44370005E+01 -0.74143551E-02 0.13377256E-03 0.64633319E-03
 0.62064890E+00 0.43609231E+01 -0.52256231E-02 0.10171155E-03 0.72404749E-03
 0.66955075E+00 0.43474561E+01 -0.45446518E-02 0.78693830E-04 0.75716429E-03
 0.72366715E+00 0.43505358E+01 -0.42573246E-02 0.88324901E-04 0.79526991E-03
 0.78409176E+00 0.43546386E+01 -0.37707953E-02 0.87415012E-04 0.85095284E-03
 0.85318968E+00 0.43366917E+01 -0.28708561E-02 0.10054314E-03 0.89608784E-03
 0.93367770E+00 0.42573607E+01 -0.32465702E-03 0.24019312E-04 0.95136396E-03
 0.10296334E+01 0.41982033E+01 0.39790668E-02 -0.22809053E-03 0.10321930E-02
 0.11490730E+01 0.44062384E+01 0.10060894E-02 0.10264441E-03 0.11983646E-02
 0.13124052E+01 0.44312413E+01 0.67288708E-02 -0.17591135E-03 0.13860372E-02
 0.15804542E+01 0.46393437E+01 0.11644937E-01 -0.17952927E-03 0.18833125E-02
 0.18316983E+01 0.50171572E+01 0.17494786E-01 -0.23779180E-03 0.24770073E-02
 0.21453011E+01 0.58428409E+01 0.17799581E-01 0.47493120E-03 0.38558479E-02
 0.23721921E+01 0.65577568E+01 0.18491463E-01 0.12656329E-02 0.50768120E-02
ecmc      4  5  7   20
 -0.58128929E+01 -0.30184781E+02 -0.90562406E-01 -0.23866574E-02 0.37588613E-02
 -0.56586500E+01 -0.26591181E+02 -0.71539249E-01 -0.20465092E-02 0.26313449E-02
 -0.54337211E+01 -0.23019167E+02 -0.23039046E-01 -0.35664310E-02 0.20107432E-02
 -0.52589500E+01 -0.19605669E+02 -0.17004178E-01 -0.26215747E-02 0.14303500E-02
 -0.50722075E+01 -0.16455671E+02 -0.70468157E-02 -0.21740679E-02 0.97523802E-03
 -0.49577985E+01 -0.14446917E+02 -0.94176255E-02 -0.14534886E-02 0.80138099E-03
 -0.48728366E+01 -0.13171101E+02 -0.77146906E-02 -0.11907383E-02 0.73772451E-03
 -0.48059934E+01 -0.12135988E+02 -0.69777351E-02 -0.10229228E-02 0.66422766E-03
 -0.47497957E+01 -0.11358931E+02 -0.50740349E-02 -0.98786426E-03 0.62952523E-03
 -0.47011885E+01 -0.10705840E+02 -0.38741440E-02 -0.95732852E-03 0.60617036E-03
 -0.46586168E+01 -0.10145380E+02 -0.23517542E-02 -0.95691246E-03 0.58127777E-03
 -0.46203454E+01 -0.96246232E+01 -0.22413838E-02 -0.87337560E-03 0.54043720E-03
 -0.45858883E+01 -0.91401320E+01 -0.25848788E-02 -0.77683389E-03 0.50113486E-03
 -0.44486288E+01 -0.74383418E+01 -0.64318071E-03 -0.69913603E-03 0.41798616E-03
 -0.43459677E+01 -0.62963095E+01 0.17675612E-02 -0.76468603E-03 0.39509034E-03
 -0.42633311E+01 -0.53578345E+01 0.11780608E-02 -0.65484986E-03 0.33860627E-03
 -0.41934982E+01 -0.45861770E+01 -0.17820543E-03 -0.50686723E-03 0.32667950E-03
 -0.41328613E+01 -0.39615245E+01 -0.14721557E-03 -0.49207734E-03 0.30477950E-03
 -0.40788742E+01 -0.34264358E+01 -0.12510191E-03 -0.48175245E-03 0.29041112E-03
 -0.40302072E+01 -0.29340570E+01 -0.10077349E-02 -0.41324333E-03 0.28504605E-03
 -0.39856118E+01 -0.24989687E+01 -0.18399360E-02 -0.34633560E-03 0.27922941E-03
 -0.39441839E+01 -0.21274110E+01 -0.22694366E-02 -0.30213238E-03 0.27122068E-03
 -0.39057247E+01 -0.17861917E+01 -0.25340095E-02 -0.29076083E-03 0.26992403E-03
 -0.38697338E+01 -0.14803880E+01 -0.26732611E-02 -0.27926405E-03 0.26300310E-03
 -0.38358145E+01 -0.11831274E+01 -0.34517073E-02 -0.21781262E-03 0.26412430E-03
 -0.38038410E+01 -0.90193148E+00 -0.40681061E-02 -0.18185014E-03 0.26066079E-03
 -0.37732307E+01 -0.65028044E+00 -0.45129701E-02 -0.15231703E-03 0.25628093E-03
 -0.37440838E+01 -0.41138992E+00 -0.49146516E-02 -0.13144505E-03 0.25324599E-03
 -0.37161959E+01 -0.18363088E+00 -0.55535199E-02 -0.94032330E-04 0.24913850E-03
 -0.36893950E+01 0.28315377E-01 -0.60676397E-02 -0.62304836E-04 0.24683978E-03
 -0.36635825E+01 0.21924985E+00 -0.62025604E-02 -0.61992974E-04 0.23959107E-03
 -0.36386231E+01 0.39871821E+00 -0.64218245E-02 -0.52004537E-04 0.23982727E-03
 -0.36145966E+01 0.58451398E+00 -0.69896445E-02 -0.20992843E-04 0.23435707E-03
 -0.35912381E+01 0.74492259E+00 -0.70377630E-02 -0.25081104E-04 0.22843587E-03
 -0.35686231E+01 0.90161998E+00 -0.72776138E-02 -0.15473935E-04 0.22837760E-03
 -0.35467102E+01 0.10772806E+01 -0.82060165E-02 0.39161757E-04 0.22775973E-03
 -0.35253998E+01 0.12333152E+01 -0.87040832E-02 0.62335670E-04 0.22486810E-03
 -0.35045760E+01 0.13768329E+01 -0.90618126E-02 0.79043032E-04 0.21911177E-03
 -0.34842239E+01 0.15091285E+01 -0.92485766E-02 0.83036151E-04 0.22049493E-03
 -0.34643503E+01 0.16417710E+01 -0.96043403E-02 0.10048943E-03 0.21802437E-03
 -0.34449550E+01 0.17740100E+01 -0.99882072E-02 0.11611577E-03 0.21649046E-03
 -0.34259946E+01 0.18947603E+01 -0.10156031E-01 0.11731930E-03 0.21924414E-03
 -0.34074008E+01 0.20066140E+01 -0.10206233E-01 0.10996139E-03 0.21562612E-03
 -0.33892654E+01 0.21281076E+01 -0.10628970E-01 0.13135875E-03 0.21193307E-03
 -0.33714218E+01 0.22387463E+01 -0.10748509E-01 0.12682760E-03 0.20897488E-03
 -0.33538826E+01 0.23526118E+01 -0.11129423E-01 0.14168737E-03 0.20737379E-03
 -0.33365997E+01 0.24516141E+01 -0.11249743E-01 0.14207898E-03 0.20572301E-03
 -0.33196931E+01 0.25587382E+01 -0.11619197E-01 0.15714990E-03 0.20031403E-03
 -0.33029758E+01 0.26507559E+01 -0.11671941E-01 0.15152732E-03 0.19824446E-03
 -0.32865389E+01 0.27501839E+01 -0.12008395E-01 0.16467388E-03 0.19820834E-03
 -0.32703538E+01 0.28419046E+01 -0.12231344E-01 0.17379060E-03 0.19957164E-03
 -0.32543502E+01 0.29237252E+01 -0.12143854E-01 0.15698217E-03 0.20071294E-03
 -0.32385992E+01 0.30124646E+01 -0.12373061E-01 0.16392504E-03 0.19754474E-03
 -0.32230971E+01 0.31017278E+01 -0.12646703E-01 0.17200137E-03 0.19761542E-03
 -0.32078350E+01 0.31904967E+01 -0.12941696E-01 0.18192137E-03 0.19532938E-03
 -0.31927726E+01 0.32787118E+01 -0.13285028E-01 0.19519561E-03 0.19306534E-03
 -0.31777855E+01 0.33583507E+01 -0.13465768E-01 0.19789209E-03 0.19364611E-03
 -0.31630565E+01 0.34402829E+01 -0.13747965E-01 0.20923950E-03 0.19265474E-03
 -0.31484197E+01 0.35156443E+01 -0.13936820E-01 0.21447550E-03 0.19200008E-03
 -0.31339624E+01 0.35931720E+01 -0.14254935E-01 0.22863683E-03 0.19317872E-03
 -0.31197118E+01 0.36748093E+01 -0.14639794E-01 0.24297766E-03 0.19459221E-03
 -0.31055334E+01 0.37490101E+01 -0.14919408E-01 0.25445636E-03 0.19163900E-03
 -0.30915095E+01 0.38212612E+01 -0.15132788E-01 0.26148405E-03 0.18977013E-03
 -0.30776506E+01 0.38961306E+01 -0.15523442E-01 0.28121158E-03 0.18830780E-03
 -0.30638897E+01 0.39683816E+01 -0.15832376E-01 0.29423121E-03 0.18807747E-03
 -0.30502047E+01 0.40347241E+01 -0.16010130E-01 0.29820585E-03 0.18715647E-03
 -0.30366159E+01 0.40963346E+01 -0.16138219E-01 0.29967016E-03 0.18620426E-03
 -0.30231348E+01 0.41554539E+01 -0.16235864E-01 0.30036712E-03 0.18399600E-03
 -0.30098200E+01 0.42243237E+01 -0.16553967E-01 0.31273146E-03 0.18343501E-03
 -0.29966479E+01 0.42931461E+01 -0.16873162E-01 0.32503190E-03 0.18250004E-03
 -0.29835428E+01 0.43604101E+01 -0.17269201E-01 0.34435013E-03 0.18241788E-03
 -0.29704741E+01 0.44249569E+01 -0.17597102E-01 0.35731272E-03 0.18309957E-03
 -0.29575019E+01 0.44822418E+01 -0.17735282E-01 0.35755238E-03 0.18262818E-03
 -0.29446316E+01 0.45446982E+01 -0.18063198E-01 0.37177162E-03 0.18367406E-03
 -0.29318678E+01 0.46091214E+01 -0.18457148E-01 0.39083534E-03 0.18316926E-03
 -0.29191361E+01 0.46629375E+01 -0.18550365E-01 0.38912162E-03 0.18285528E-03
 -0.29064893E+01 0.47227470E+01 -0.18838768E-01 0.40028335E-03 0.18259398E-03
 -0.28938609E+01 0.47741155E+01 -0.18968750E-01 0.40388825E-03 0.18101302E-03
 -0.28813359E+01 0.48265106E+01 -0.19129833E-01 0.40835749E-03 0.18113444E-03
 -0.28688935E+01 0.48791430E+01 -0.19310061E-01 0.41326574E-03 0.18150982E-03
 -0.28564724E+01 0.49316548E+01 -0.19528379E-01 0.42070700E-03 0.18285223E-03
 -0.28441534E+01 0.49848667E+01 -0.19760605E-01 0.42949976E-03 0.18195794E-03
 -0.28318563E+01 0.50344107E+01 -0.19887859E-01 0.43008631E-03 0.18203742E-03
 -0.28196254E+01 0.50841308E+01 -0.20053722E-01 0.43378362E-03 0.18229927E-03
 -0.28074917E+01 0.51412577E+01 -0.20421043E-01 0.45069626E-03 0.18406812E-03
 -0.27953052E+01 0.51894339E+01 -0.20613114E-01 0.45728312E-03 0.18424792E-03
 -0.27831972E+01 0.52371402E+01 -0.20734893E-01 0.45574263E-03 0.18312851E-03
 -0.27710890E+01 0.52806856E+01 -0.20758483E-01 0.44816078E-03 0.18227061E-03
 -0.27590446E+01 0.53295810E+01 -0.21032077E-01 0.46083469E-03 0.18269799E-03
 -0.27470312E+01 0.53728740E+01 -0.21154758E-01 0.46097429E-03 0.18294117E-03
 -0.27350392E+01 0.54153055E+01 -0.21249025E-01 0.46203052E-03 0.18390485E-03
 -0.27231006E+01 0.54612328E+01 -0.21425334E-01 0.46616639E-03 0.18365840E-03
 -0.27112042E+01 0.55093636E+01 -0.21690826E-01 0.47607552E-03 0.18310446E-03
 -0.26993330E+01 0.55552764E+01 -0.21909846E-01 0.48509548E-03 0.18453757E-03
 -0.26874501E+01 0.56010683E+01 -0.22201232E-01 0.50001408E-03 0.18407197E-03
 -0.26756165E+01 0.56449578E+01 -0.22373870E-01 0.50317861E-03 0.18313487E-03
 -0.26638059E+01 0.56876952E+01 -0.22580949E-01 0.51248244E-03 0.18192497E-03
 -0.26519864E+01 0.57278077E+01 -0.22677924E-01 0.51135539E-03 0.18256437E-03
 -0.26402341E+01 0.57701511E+01 -0.22764110E-01 0.50722440E-03 0.18160618E-03
 -0.26284284E+01 0.58069842E+01 -0.22833703E-01 0.50566697E-03 0.18205791E-03
 -0.26166249E+01 0.58461740E+01 -0.23025599E-01 0.51387024E-03 0.18144204E-03
 -0.26049044E+01 0.58917386E+01 -0.23373076E-01 0.53139552E-03 0.18113807E-03
 -0.25931655E+01 0.59266426E+01 -0.23367450E-01 0.52291965E-03 0.18014458E-03
 -0.25814526E+01 0.59677952E+01 -0.23584148E-01 0.53136362E-03 0.17830164E-03
 -0.25697483E+01 0.60116372E+01 -0.23849334E-01 0.54058729E-03 0.17690511E-03
 -0.25580304E+01 0.60498930E+01 -0.24027435E-01 0.54768902E-03 0.17692014E-03
 -0.25462528E+01 0.60830455E+01 -0.24043791E-01 0.54180421E-03 0.17841359E-03
 -0.25344966E+01 0.61205083E+01 -0.24227344E-01 0.54813400E-03 0.17788709E-03
 -0.25227117E+01 0.61521965E+01 -0.24257774E-01 0.54553463E-03 0.17950685E-03
 -0.25109457E+01 0.61893974E+01 -0.24448846E-01 0.55328153E-03 0.17897162E-03
 -0.24991985E+01 0.62299174E+01 -0.24694694E-01 0.56298835E-03 0.17754984E-03
 -0.24874596E+01 0.62699125E+01 -0.24934561E-01 0.57183181E-03 0.17923042E-03
 -0.24756530E+01 0.63045084E+01 -0.25051148E-01 0.57231559E-03 0.17863063E-03
 -0.24638473E+01 0.63425432E+01 -0.25304017E-01 0.58418992E-03 0.17543300E-03
 -0.24520351E+01 0.63788095E+01 -0.25469214E-01 0.58904973E-03 0.17601461E-03
 -0.24402223E+01 0.64134962E+01 -0.25573157E-01 0.58730455E-03 0.17664297E-03
 -0.24283549E+01 0.64438177E+01 -0.25604212E-01 0.58243351E-03 0.17777218E-03
 -0.24164760E+01 0.64778088E+01 -0.25788146E-01 0.59020982E-03 0.17801350E-03
 -0.24045784E+01 0.65144642E+01 -0.26042265E-01 0.59972888E-03 0.17762420E-03
 -0.23926526E+01 0.65498285E+01 -0.26311586E-01 0.61349270E-03 0.17569535E-03
 -0.23807138E+01 0.65822121E+01 -0.26444764E-01 0.61668876E-03 0.17614909E-03
 -0.23687403E+01 0.66158909E+01 -0.26624469E-01 0.62345300E-03 0.17429527E-03
 -0.23567767E+01 0.66521735E+01 -0.26841852E-01 0.63083379E-03 0.17569630E-03
 -0.23447290E+01 0.66839416E+01 -0.27010263E-01 0.63796368E-03 0.17651847E-03
 -0.23326449E+01 0.67168593E+01 -0.27252568E-01 0.65138700E-03 0.17834526E-03
 -0.23205581E+01 0.67533929E+01 -0.27547043E-01 0.66626993E-03 0.17963028E-03
 -0.23084257E+01 0.67853703E+01 -0.27630207E-01 0.66371637E-03 0.18140284E-03
 -0.22962802E+01 0.68228446E+01 -0.27934520E-01 0.67796272E-03 0.18117403E-03
 -0.22841007E+01 0.68580694E+01 -0.28183066E-01 0.68925032E-03 0.18200549E-03
 -0.22718486E+01 0.68918932E+01 -0.28406177E-01 0.69866369E-03 0.18053462E-03
 -0.22594818E+01 0.69214820E+01 -0.28564895E-01 0.70365159E-03 0.17989824E-03
 -0.22470509E+01 0.69474567E+01 -0.28610670E-01 0.70208334E-03 0.18053297E-03
 -0.22346060E+01 0.69766924E+01 -0.28660637E-01 0.69757466E-03 0.18121975E-03
 -0.22220835E+01 0.70081741E+01 -0.28898452E-01 0.70839810E-03 0.18176390E-03
 -0.22094969E+01 0.70377805E+01 -0.29058322E-01 0.71451596E-03 0.18326348E-03
 -0.21968749E+01 0.70698376E+01 -0.29313217E-01 0.72695953E-03 0.18335529E-03
 -0.21842019E+01 0.71045728E+01 -0.29612767E-01 0.73972413E-03 0.18434091E-03
 -0.21714016E+01 0.71303921E+01 -0.29628381E-01 0.73368441E-03 0.18338717E-03
 -0.21585573E+01 0.71582144E+01 -0.29779502E-01 0.73938211E-03 0.18495469E-03
 -0.21456412E+01 0.71916809E+01 -0.30081898E-01 0.75409614E-03 0.18633420E-03
 -0.21326721E+01 0.72231001E+01 -0.30286158E-01 0.76110663E-03 0.18786051E-03
 -0.21196065E+01 0.72487924E+01 -0.30282885E-01 0.75196924E-03 0.18836916E-03
 -0.21063842E+01 0.72731368E+01 -0.30358499E-01 0.75226551E-03 0.18949355E-03
 -0.20931682E+01 0.73063002E+01 -0.30646792E-01 0.76543534E-03 0.19004994E-03
 -0.20798323E+01 0.73357180E+01 -0.30869558E-01 0.77503093E-03 0.18853605E-03
 -0.20663693E+01 0.73605722E+01 -0.30964174E-01 0.77747480E-03 0.18852236E-03
 -0.20528663E+01 0.73921502E+01 -0.31229829E-01 0.78955716E-03 0.19052359E-03
 -0.20392605E+01 0.74241658E+01 -0.31558188E-01 0.80835828E-03 0.19281236E-03
 -0.20254368E+01 0.74423981E+01 -0.31491609E-01 0.79832835E-03 0.19433629E-03
 -0.20115897E+01 0.74711650E+01 -0.31696305E-01 0.80669923E-03 0.19501022E-03
 -0.19976177E+01 0.74984470E+01 -0.31891332E-01 0.81425560E-03 0.19706208E-03
 -0.19835201E+01 0.75252707E+01 -0.32056776E-01 0.82054079E-03 0.19856736E-03
 -0.19692152E+01 0.75451675E+01 -0.32031461E-01 0.81304439E-03 0.20030634E-03
 -0.19548038E+01 0.75665790E+01 -0.32090565E-01 0.81183261E-03 0.20156165E-03
 -0.19403113E+01 0.75928058E+01 -0.32202761E-01 0.81123692E-03 0.20108928E-03
 -0.19257023E+01 0.76210886E+01 -0.32413429E-01 0.81995143E-03 0.20053664E-03
 -0.19108846E+01 0.76439826E+01 -0.32471652E-01 0.81875839E-03 0.20104682E-03
 -0.18959646E+01 0.76702317E+01 -0.32563253E-01 0.81756096E-03 0.20343019E-03
 -0.18808540E+01 0.76989532E+01 -0.32806858E-01 0.82847603E-03 0.20222707E-03
 -0.18656086E+01 0.77283377E+01 -0.33015044E-01 0.83502389E-03 0.20230160E-03
 -0.18501363E+01 0.77522852E+01 -0.33166144E-01 0.84029292E-03 0.20528488E-03
 -0.18344866E+01 0.77722906E+01 -0.33123672E-01 0.83106464E-03 0.20614663E-03
 -0.18186001E+01 0.77932887E+01 -0.33190269E-01 0.83150071E-03 0.20599310E-03
 -0.18025249E+01 0.78122984E+01 -0.33229034E-01 0.83067902E-03 0.20784469E-03
 -0.17862509E+01 0.78304101E+01 -0.33179932E-01 0.82236173E-03 0.20898595E-03
 -0.17697714E+01 0.78562803E+01 -0.33393165E-01 0.83215734E-03 0.21041440E-03
 -0.17529868E+01 0.78754815E+01 -0.33439391E-01 0.83263013E-03 0.21144273E-03
 -0.17360407E+01 0.79000087E+01 -0.33588978E-01 0.83865244E-03 0.21215911E-03
 -0.17188235E+01 0.79246131E+01 -0.33712910E-01 0.84207915E-03 0.21015703E-03
 -0.17014046E+01 0.79577880E+01 -0.34122248E-01 0.86509989E-03 0.21377017E-03
 -0.16836545E+01 0.79856271E+01 -0.34355187E-01 0.87493837E-03 0.21586290E-03
 -0.16656286E+01 0.80151541E+01 -0.34662497E-01 0.88864369E-03 0.21759721E-03
 -0.16473101E+01 0.80409099E+01 -0.34850058E-01 0.89634869E-03 0.21959104E-03
 -0.16286107E+01 0.80650449E+01 -0.35030022E-01 0.90468674E-03 0.22140117E-03
 -0.16096000E+01 0.80878552E+01 -0.35153315E-01 0.90863668E-03 0.22408788E-03
 -0.15902054E+01 0.81141629E+01 -0.35449362E-01 0.92632201E-03 0.22298070E-03
 -0.15704710E+01 0.81456239E+01 -0.35834003E-01 0.94817371E-03 0.22472796E-03
 -0.15502866E+01 0.81685762E+01 -0.35952385E-01 0.95016344E-03 0.22772424E-03
 -0.15295793E+01 0.81828813E+01 -0.35863765E-01 0.93922925E-03 0.22845627E-03
 -0.15085496E+01 0.82090638E+01 -0.36081117E-01 0.94921452E-03 0.22846322E-03
 -0.14870314E+01 0.82449041E+01 -0.36558318E-01 0.97580472E-03 0.23126193E-03
 -0.14649115E+01 0.82656204E+01 -0.36676008E-01 0.97889534E-03 0.23577533E-03
 -0.14422262E+01 0.82837886E+01 -0.36663645E-01 0.97168412E-03 0.23847477E-03
 -0.14190047E+01 0.83135339E+01 -0.37008312E-01 0.98941811E-03 0.24265862E-03
 -0.13951138E+01 0.83258747E+01 -0.36754516E-01 0.96501237E-03 0.24219252E-03
 -0.13705619E+01 0.83558165E+01 -0.37145442E-01 0.98928239E-03 0.24429004E-03
 -0.13452224E+01 0.83743923E+01 -0.37177145E-01 0.98680072E-03 0.24429322E-03
 -0.13190616E+01 0.83934475E+01 -0.37195240E-01 0.98261515E-03 0.25119858E-03
 -0.12920937E+01 0.84153784E+01 -0.37382133E-01 0.99474332E-03 0.25408649E-03
 -0.12640868E+01 0.84275159E+01 -0.37183711E-01 0.97579270E-03 0.26175419E-03
 -0.12350327E+01 0.84399895E+01 -0.37108382E-01 0.96986968E-03 0.26453601E-03
 -0.12050133E+01 0.84684230E+01 -0.37319078E-01 0.97869829E-03 0.26980381E-03
 -0.11735703E+01 0.84987461E+01 -0.37740250E-01 0.10077414E-02 0.27406992E-03
 -0.11408759E+01 0.85376920E+01 -0.38281952E-01 0.10390186E-02 0.28052856E-03
 -0.11064025E+01 0.85447861E+01 -0.38128221E-01 0.10324696E-02 0.28410526E-03
 -0.10702316E+01 0.85523354E+01 -0.37875879E-01 0.10155603E-02 0.29463781E-03
 -0.10321578E+01 0.85737255E+01 -0.37936713E-01 0.10168770E-02 0.30310690E-03
 -0.99176263E+00 0.85913932E+01 -0.37850359E-01 0.10066775E-02 0.30880115E-03
 -0.94872766E+00 0.86102912E+01 -0.37890247E-01 0.10072299E-02 0.30994852E-03
 -0.90271266E+00 0.86378184E+01 -0.38133551E-01 0.10209992E-02 0.32332314E-03
 -0.85314903E+00 0.86647328E+01 -0.38287031E-01 0.10242424E-02 0.33875676E-03
 -0.79953688E+00 0.87100226E+01 -0.38853680E-01 0.10624519E-02 0.34903041E-03
 -0.74063867E+00 0.87431533E+01 -0.39079434E-01 0.10803629E-02 0.36587620E-03
 -0.67540177E+00 0.88136274E+01 -0.40362308E-01 0.11741794E-02 0.37771074E-03
 -0.60124487E+00 0.88197640E+01 -0.39860678E-01 0.11546015E-02 0.38538908E-03
 -0.51592185E+00 0.88573789E+01 -0.39994781E-01 0.11743798E-02 0.41605307E-03
 -0.41431952E+00 0.88902864E+01 -0.39734205E-01 0.11780614E-02 0.45524639E-03
 -0.28785778E+00 0.88980744E+01 -0.37959246E-01 0.10912400E-02 0.52463859E-03
 -0.11710758E+00 0.89846503E+01 -0.37658076E-01 0.11384203E-02 0.61506834E-03
 -0.73883690E-01 0.90023321E+01 -0.37648772E-01 0.11622385E-02 0.63363973E-03
 -0.26263645E-01 0.90091171E+01 -0.37211574E-01 0.11724159E-02 0.63916347E-03
 0.26976067E-01 0.90295028E+01 -0.37181450E-01 0.12118536E-02 0.67383773E-03
 0.87469500E-01 0.90882589E+01 -0.37879853E-01 0.12915952E-02 0.72511260E-03
 0.15827390E+00 0.90304310E+01 -0.34957050E-01 0.11529855E-02 0.77308825E-03
 0.24256682E+00 0.90957683E+01 -0.35477466E-01 0.12826555E-02 0.84273319E-03
 0.34885109E+00 0.91050408E+01 -0.32200118E-01 0.11500100E-02 0.93165690E-03
 0.49457303E+00 0.91560007E+01 -0.28513251E-01 0.10059048E-02 0.11116764E-02
 0.72882380E+00 0.95420868E+01 -0.28155404E-01 0.12260485E-02 0.15244980E-02
 0.95063691E+00 0.99890875E+01 -0.25983388E-01 0.13110624E-02 0.21040121E-02
 0.12257048E+01 0.10999137E+02 -0.33172218E-01 0.23016825E-02 0.30623341E-02
 0.14265045E+01 0.11466556E+02 -0.28096463E-01 0.25382489E-02 0.43128000E-02
ecmct     4  6  7   25
 -0.61286582E+01 -0.34802129E+02 -0.53880946E-01 -0.71166239E-02 0.45354773E-02
 -0.59763755E+01 -0.30338098E+02 -0.71933909E-01 -0.22833136E-02 0.34384326E-02
 -0.57546380E+01 -0.26548882E+02 -0.12657685E-01 -0.48386881E-02 0.21689480E-02
 -0.55822366E+01 -0.22854278E+02 -0.60272175E-03 -0.40342202E-02 0.14243613E-02
 -0.54000420E+01 -0.19095224E+02 -0.36914172E-03 -0.26521792E-02 0.11055831E-02
 -0.52868440E+01 -0.17049485E+02 0.94865124E-03 -0.19367953E-02 0.94227294E-03
 -0.52049576E+01 -0.15587865E+02 0.44006928E-02 -0.20205480E-02 0.84633496E-03
 -0.51395746E+01 -0.14476310E+02 0.65402392E-02 -0.20495986E-02 0.75307587E-03
 -0.50848814E+01 -0.13507470E+02 0.43633167E-02 -0.16553434E-02 0.68170680E-03
 -0.50380360E+01 -0.12670446E+02 0.15079637E-02 -0.12070653E-02 0.63082648E-03
 -0.49963677E+01 -0.12009139E+02 0.30104873E-02 -0.13146386E-02 0.60306545E-03
 -0.49592823E+01 -0.11387021E+02 0.14850042E-02 -0.10667501E-02 0.56798036E-03
 -0.49254994E+01 -0.10875377E+02 0.16857427E-02 -0.99729637E-03 0.55774571E-03
 -0.47905469E+01 -0.90184858E+01 0.48433241E-02 -0.99650166E-03 0.47158772E-03
 -0.46902284E+01 -0.76233786E+01 0.28333016E-02 -0.64615155E-03 0.41777290E-03
 -0.46096010E+01 -0.65722146E+01 0.28306502E-02 -0.58897592E-03 0.37050158E-03
 -0.45414536E+01 -0.57969045E+01 0.57961660E-02 -0.84275705E-03 0.33848130E-03
 -0.44824264E+01 -0.50832341E+01 0.60509991E-02 -0.87920432E-03 0.31289251E-03
 -0.44297164E+01 -0.44886396E+01 0.63766919E-02 -0.89523727E-03 0.32051261E-03
 -0.43825584E+01 -0.38553613E+01 0.19142206E-02 -0.45808248E-03 0.30604514E-03
 -0.43393035E+01 -0.33366402E+01 0.21706843E-03 -0.32483687E-03 0.29268536E-03
 -0.42993315E+01 -0.28829808E+01 -0.56857362E-03 -0.28506298E-03 0.28210822E-03
 -0.42621299E+01 -0.24772855E+01 -0.10943805E-02 -0.26990179E-03 0.27917159E-03
 -0.42272341E+01 -0.21136071E+01 -0.13550721E-02 -0.26660275E-03 0.27238065E-03
 -0.41943937E+01 -0.17527440E+01 -0.28577228E-02 -0.14195655E-03 0.26447710E-03
 -0.41633306E+01 -0.14176903E+01 -0.40532552E-02 -0.54352977E-04 0.26454912E-03
 -0.41335997E+01 -0.11386162E+01 -0.40711006E-02 -0.74962568E-04 0.25766943E-03
 -0.41053892E+01 -0.85239882E+00 -0.48591630E-02 -0.34566353E-04 0.25587057E-03
 -0.40782812E+01 -0.60238354E+00 -0.49846181E-02 -0.48107196E-04 0.25009604E-03
 -0.40522465E+01 -0.37413113E+00 -0.48405470E-02 -0.75999403E-04 0.25044709E-03
 -0.40272130E+01 -0.14537394E+00 -0.53645960E-02 -0.43761477E-04 0.24836584E-03
 -0.40031785E+01 0.77615824E-01 -0.57672738E-02 -0.35677509E-04 0.24256530E-03
 -0.39797767E+01 0.27000801E+00 -0.57205226E-02 -0.52754780E-04 0.24258843E-03
 -0.39571158E+01 0.43642196E+00 -0.49120950E-02 -0.14477304E-03 0.24193845E-03
 -0.39352042E+01 0.61106129E+00 -0.45228338E-02 -0.21973125E-03 0.23957993E-03
 -0.39139771E+01 0.79024698E+00 -0.48697874E-02 -0.20082483E-03 0.23622854E-03
 -0.38932387E+01 0.96014554E+00 -0.50562791E-02 -0.20747817E-03 0.23044209E-03
 -0.38731208E+01 0.11245385E+01 -0.52543143E-02 -0.21304365E-03 0.23125280E-03
 -0.38535002E+01 0.12859920E+01 -0.55180961E-02 -0.21383094E-03 0.22769955E-03
 -0.38343684E+01 0.14521134E+01 -0.61488604E-02 -0.18214711E-03 0.22441601E-03
 -0.38156775E+01 0.16094768E+01 -0.67060712E-02 -0.15891350E-03 0.22719960E-03
 -0.37974042E+01 0.17683085E+01 -0.75543576E-02 -0.10282898E-03 0.22359889E-03
 -0.37794979E+01 0.19144440E+01 -0.79581641E-02 -0.91685920E-04 0.22027972E-03
 -0.37619992E+01 0.20723865E+01 -0.91351623E-02 0.15728075E-05 0.21983586E-03
 -0.37446838E+01 0.21987234E+01 -0.93865059E-02 0.13793683E-04 0.22070119E-03
 -0.37277065E+01 0.23178299E+01 -0.92927857E-02 -0.19565990E-04 0.21930409E-03
 -0.37110198E+01 0.24308434E+01 -0.91537958E-02 -0.51404868E-04 0.21975091E-03
 -0.36946210E+01 0.25524677E+01 -0.95703128E-02 -0.23974684E-04 0.21769401E-03
 -0.36785836E+01 0.26861644E+01 -0.10547730E-01 0.49015657E-04 0.21634278E-03
 -0.36627763E+01 0.28073618E+01 -0.11050730E-01 0.75726659E-04 0.21504115E-03
 -0.36472252E+01 0.29307316E+01 -0.11734153E-01 0.11650165E-03 0.21221377E-03
 -0.36318853E+01 0.30465563E+01 -0.12246150E-01 0.14301996E-03 0.21216251E-03
 -0.36167588E+01 0.31618149E+01 -0.12898404E-01 0.18458373E-03 0.21290459E-03
 -0.36017241E+01 0.32619923E+01 -0.13154207E-01 0.19061268E-03 0.21189331E-03
 -0.35869471E+01 0.33615433E+01 -0.13232349E-01 0.16917622E-03 0.20957768E-03
 -0.35723153E+01 0.34582494E+01 -0.13574167E-01 0.19040592E-03 0.20728829E-03
 -0.35579325E+01 0.35574779E+01 -0.13846826E-01 0.19168921E-03 0.20692114E-03
 -0.35437393E+01 0.36570780E+01 -0.14188524E-01 0.20262261E-03 0.20535141E-03
 -0.35296844E+01 0.37500393E+01 -0.14377189E-01 0.19864981E-03 0.20280274E-03
 -0.35157401E+01 0.38395503E+01 -0.14620227E-01 0.20583670E-03 0.20295056E-03
 -0.35020221E+01 0.39328813E+01 -0.14919275E-01 0.21019902E-03 0.20332730E-03
 -0.34884479E+01 0.40258863E+01 -0.15417549E-01 0.23912353E-03 0.20423103E-03
 -0.34749711E+01 0.41166839E+01 -0.15851101E-01 0.26527241E-03 0.20152328E-03
 -0.34616133E+01 0.42057536E+01 -0.16245920E-01 0.28517988E-03 0.19957823E-03
 -0.34483407E+01 0.42830119E+01 -0.16243913E-01 0.26513316E-03 0.19978484E-03
 -0.34352531E+01 0.43751702E+01 -0.16876827E-01 0.30793483E-03 0.19968485E-03
 -0.34222919E+01 0.44653260E+01 -0.17558331E-01 0.35361617E-03 0.19854921E-03
 -0.34093859E+01 0.45452161E+01 -0.17891724E-01 0.37288176E-03 0.19642981E-03
 -0.33966099E+01 0.46297024E+01 -0.18299674E-01 0.38777429E-03 0.19728478E-03
 -0.33839290E+01 0.47109694E+01 -0.18714704E-01 0.40769562E-03 0.19842785E-03
 -0.33713189E+01 0.47863799E+01 -0.18965168E-01 0.41090854E-03 0.19905817E-03
 -0.33588019E+01 0.48581141E+01 -0.19007107E-01 0.39412705E-03 0.19904189E-03
 -0.33463690E+01 0.49264144E+01 -0.19032065E-01 0.37731779E-03 0.19660272E-03
 -0.33340340E+01 0.49967272E+01 -0.19122227E-01 0.36030381E-03 0.19575682E-03
 -0.33217666E+01 0.50662941E+01 -0.19234674E-01 0.35173297E-03 0.19342057E-03
 -0.33095235E+01 0.51308427E+01 -0.19306622E-01 0.34737506E-03 0.19275359E-03
 -0.32973774E+01 0.51995948E+01 -0.19568870E-01 0.35890714E-03 0.19318894E-03
 -0.32852913E+01 0.52633521E+01 -0.19696593E-01 0.35567354E-03 0.19324961E-03
 -0.32733615E+01 0.53434566E+01 -0.20467100E-01 0.41273136E-03 0.19352851E-03
 -0.32614421E+01 0.54148304E+01 -0.20974429E-01 0.44754136E-03 0.19229556E-03
 -0.32496058E+01 0.54828036E+01 -0.21250184E-01 0.45307083E-03 0.18983499E-03
 -0.32378209E+01 0.55552436E+01 -0.21798687E-01 0.48830233E-03 0.19045460E-03
 -0.32260345E+01 0.56184261E+01 -0.22033337E-01 0.49448577E-03 0.19010719E-03
 -0.32143240E+01 0.56838347E+01 -0.22320192E-01 0.50064381E-03 0.18805798E-03
 -0.32026528E+01 0.57458452E+01 -0.22555112E-01 0.50414755E-03 0.18726221E-03
 -0.31910419E+01 0.58108541E+01 -0.22989121E-01 0.53499099E-03 0.18405602E-03
 -0.31794725E+01 0.58748976E+01 -0.23378572E-01 0.55625656E-03 0.18412919E-03
 -0.31679911E+01 0.59428283E+01 -0.23922546E-01 0.58915397E-03 0.18297839E-03
 -0.31565521E+01 0.60094440E+01 -0.24352233E-01 0.60925360E-03 0.18272732E-03
 -0.31450918E+01 0.60695306E+01 -0.24605021E-01 0.61659180E-03 0.18380612E-03
 -0.31336742E+01 0.61302809E+01 -0.24966725E-01 0.63620460E-03 0.18443764E-03
 -0.31222720E+01 0.61851539E+01 -0.25116112E-01 0.63532723E-03 0.18443553E-03
 -0.31108705E+01 0.62344947E+01 -0.24958031E-01 0.59997313E-03 0.18236989E-03
 -0.30994905E+01 0.62832674E+01 -0.24904192E-01 0.57966533E-03 0.18273078E-03
 -0.30882063E+01 0.63422113E+01 -0.25200869E-01 0.58850269E-03 0.18345052E-03
 -0.30769536E+01 0.64003768E+01 -0.25464921E-01 0.59656664E-03 0.18218865E-03
 -0.30657270E+01 0.64583607E+01 -0.25748048E-01 0.60329368E-03 0.18128248E-03
 -0.30544818E+01 0.65112013E+01 -0.25846474E-01 0.59124965E-03 0.18140395E-03
 -0.30432269E+01 0.65623211E+01 -0.26033971E-01 0.59878612E-03 0.18143952E-03
 -0.30319918E+01 0.66112793E+01 -0.26177031E-01 0.60087855E-03 0.18030535E-03
 -0.30208521E+01 0.66683475E+01 -0.26489278E-01 0.60951028E-03 0.18080601E-03
 -0.30096373E+01 0.67191490E+01 -0.26700181E-01 0.61293955E-03 0.18003114E-03
 -0.29984702E+01 0.67692562E+01 -0.26902880E-01 0.61866866E-03 0.17912846E-03
 -0.29872812E+01 0.68203927E+01 -0.27093117E-01 0.62100219E-03 0.17984047E-03
 -0.29761421E+01 0.68774857E+01 -0.27597905E-01 0.65599122E-03 0.17947312E-03
 -0.29650057E+01 0.69317797E+01 -0.27975811E-01 0.67514449E-03 0.17901185E-03
 -0.29538361E+01 0.69770043E+01 -0.28083808E-01 0.67194595E-03 0.18013823E-03
 -0.29427056E+01 0.70309412E+01 -0.28434900E-01 0.68708512E-03 0.17863170E-03
 -0.29316088E+01 0.70858818E+01 -0.28831937E-01 0.70956350E-03 0.18041935E-03
 -0.29204378E+01 0.71356132E+01 -0.29159391E-01 0.73068131E-03 0.17969003E-03
 -0.29092615E+01 0.71787855E+01 -0.29154735E-01 0.71694367E-03 0.17973512E-03
 -0.28980996E+01 0.72297756E+01 -0.29523641E-01 0.73706560E-03 0.17888392E-03
 -0.28869506E+01 0.72827756E+01 -0.29980917E-01 0.76731831E-03 0.18012631E-03
 -0.28757882E+01 0.73325514E+01 -0.30245313E-01 0.77530474E-03 0.17955927E-03
 -0.28646474E+01 0.73886307E+01 -0.30688591E-01 0.79687805E-03 0.17977556E-03
 -0.28534411E+01 0.74385164E+01 -0.31083424E-01 0.82233539E-03 0.17932858E-03
 -0.28421515E+01 0.74794372E+01 -0.31176170E-01 0.82091950E-03 0.17807901E-03
 -0.28308816E+01 0.75263488E+01 -0.31409303E-01 0.82602055E-03 0.17623853E-03
 -0.28195956E+01 0.75705754E+01 -0.31552429E-01 0.82436153E-03 0.17648709E-03
 -0.28082653E+01 0.76093199E+01 -0.31562830E-01 0.81202947E-03 0.17413771E-03
 -0.27969601E+01 0.76568339E+01 -0.31825541E-01 0.82073191E-03 0.17194463E-03
 -0.27856232E+01 0.77007710E+01 -0.32006712E-01 0.82486726E-03 0.16855628E-03
 -0.27742627E+01 0.77448779E+01 -0.32207620E-01 0.83084921E-03 0.16994478E-03
 -0.27628542E+01 0.77921266E+01 -0.32590563E-01 0.85493439E-03 0.17116254E-03
 -0.27513984E+01 0.78357422E+01 -0.32871382E-01 0.87050668E-03 0.17165911E-03
 -0.27399576E+01 0.78828856E+01 -0.33179725E-01 0.88428445E-03 0.17188177E-03
 -0.27284303E+01 0.79220768E+01 -0.33238342E-01 0.87836410E-03 0.17581263E-03
 -0.27169300E+01 0.79662305E+01 -0.33459927E-01 0.88639750E-03 0.17794807E-03
 -0.27053279E+01 0.80059321E+01 -0.33600647E-01 0.89197145E-03 0.17911076E-03
 -0.26937066E+01 0.80474435E+01 -0.33720928E-01 0.88829355E-03 0.17873817E-03
 -0.26820345E+01 0.80920504E+01 -0.33943013E-01 0.89149823E-03 0.17804209E-03
 -0.26703586E+01 0.81382672E+01 -0.34214319E-01 0.90013030E-03 0.17782231E-03
 -0.26585870E+01 0.81827924E+01 -0.34575253E-01 0.92251020E-03 0.17848182E-03
 -0.26467896E+01 0.82289050E+01 -0.34837641E-01 0.92886852E-03 0.17713939E-03
 -0.26349180E+01 0.82661322E+01 -0.34808065E-01 0.90799467E-03 0.17773220E-03
 -0.26229868E+01 0.83043998E+01 -0.34813012E-01 0.89277155E-03 0.17937559E-03
 -0.26110553E+01 0.83549821E+01 -0.35284914E-01 0.91990540E-03 0.18013427E-03
 -0.25989794E+01 0.83940769E+01 -0.35513467E-01 0.93428839E-03 0.17989436E-03
 -0.25868913E+01 0.84410547E+01 -0.35920514E-01 0.95837190E-03 0.18082518E-03
 -0.25747253E+01 0.84864860E+01 -0.36316649E-01 0.98063085E-03 0.18136233E-03
 -0.25624849E+01 0.85311985E+01 -0.36604200E-01 0.98698824E-03 0.18174335E-03
 -0.25502062E+01 0.85789829E+01 -0.37116681E-01 0.10222230E-02 0.18193254E-03
 -0.25378220E+01 0.86183032E+01 -0.37185486E-01 0.10128010E-02 0.18406233E-03
 -0.25253288E+01 0.86586088E+01 -0.37471552E-01 0.10292925E-02 0.18374851E-03
 -0.25127634E+01 0.86970845E+01 -0.37589858E-01 0.10251288E-02 0.18627399E-03
 -0.25001203E+01 0.87349541E+01 -0.37631957E-01 0.10126405E-02 0.18590938E-03
 -0.24873689E+01 0.87778914E+01 -0.37982077E-01 0.10346941E-02 0.18890504E-03
 -0.24744799E+01 0.88134332E+01 -0.38082074E-01 0.10315946E-02 0.18895579E-03
 -0.24615366E+01 0.88500408E+01 -0.38205521E-01 0.10322244E-02 0.19061557E-03
 -0.24484967E+01 0.88898591E+01 -0.38446416E-01 0.10446345E-02 0.19043861E-03
 -0.24353755E+01 0.89306456E+01 -0.38744565E-01 0.10607468E-02 0.19021208E-03
 -0.24221284E+01 0.89742412E+01 -0.39076534E-01 0.10793771E-02 0.19286965E-03
 -0.24087667E+01 0.90143463E+01 -0.39241334E-01 0.10766164E-02 0.18871759E-03
 -0.23952777E+01 0.90537127E+01 -0.39395464E-01 0.10762585E-02 0.18864893E-03
 -0.23816620E+01 0.90981252E+01 -0.39745118E-01 0.10936536E-02 0.18811922E-03
 -0.23679207E+01 0.91453689E+01 -0.40298297E-01 0.11350828E-02 0.18967902E-03
 -0.23540511E+01 0.91868266E+01 -0.40613507E-01 0.11576106E-02 0.19129229E-03
 -0.23400549E+01 0.92343975E+01 -0.41086010E-01 0.11851146E-02 0.19163319E-03
 -0.23258291E+01 0.92765027E+01 -0.41488940E-01 0.12095266E-02 0.19116838E-03
 -0.23114698E+01 0.93204284E+01 -0.41960506E-01 0.12436367E-02 0.19365815E-03
 -0.22969529E+01 0.93570558E+01 -0.42026955E-01 0.12301249E-02 0.19603506E-03
 -0.22822714E+01 0.93920327E+01 -0.42177573E-01 0.12391928E-02 0.19825646E-03
 -0.22674764E+01 0.94432469E+01 -0.42825633E-01 0.12876856E-02 0.20078302E-03
 -0.22523633E+01 0.94768781E+01 -0.42899975E-01 0.12826717E-02 0.20286794E-03
 -0.22371216E+01 0.95155989E+01 -0.43042009E-01 0.12794447E-02 0.20372117E-03
 -0.22216837E+01 0.95672881E+01 -0.43729522E-01 0.13310539E-02 0.20306927E-03
 -0.22060728E+01 0.96184558E+01 -0.44410788E-01 0.13780264E-02 0.20647190E-03
 -0.21901726E+01 0.96598973E+01 -0.44713810E-01 0.13927121E-02 0.20522484E-03
 -0.21739643E+01 0.96821778E+01 -0.44274211E-01 0.13366444E-02 0.20360927E-03
 -0.21576190E+01 0.97253848E+01 -0.44553133E-01 0.13450194E-02 0.20512858E-03
 -0.21409154E+01 0.97508907E+01 -0.44141604E-01 0.12841655E-02 0.20659731E-03
 -0.21240098E+01 0.97949603E+01 -0.44555308E-01 0.13110701E-02 0.21019968E-03
 -0.21068279E+01 0.98418676E+01 -0.45075717E-01 0.13470210E-02 0.20603910E-03
 -0.20894512E+01 0.99004434E+01 -0.45815925E-01 0.13946645E-02 0.20601658E-03
 -0.20715958E+01 0.99400163E+01 -0.45971648E-01 0.13902305E-02 0.20693896E-03
 -0.20533834E+01 0.99758954E+01 -0.45977940E-01 0.13727624E-02 0.20844735E-03
 -0.20348016E+01 0.10014942E+02 -0.46336234E-01 0.14042570E-02 0.21459629E-03
 -0.20159125E+01 0.10058008E+02 -0.46615890E-01 0.14117041E-02 0.21578848E-03
 -0.19966108E+01 0.10096533E+02 -0.46649977E-01 0.13930404E-02 0.22068912E-03
 -0.19769439E+01 0.10147116E+02 -0.47065928E-01 0.14073849E-02 0.22681428E-03
 -0.19566592E+01 0.10187899E+02 -0.47223409E-01 0.13982965E-02 0.22951795E-03
 -0.19359377E+01 0.10232535E+02 -0.47597215E-01 0.14152742E-02 0.23238930E-03
 -0.19147315E+01 0.10285269E+02 -0.48164043E-01 0.14444912E-02 0.23452587E-03
 -0.18929152E+01 0.10322684E+02 -0.48193084E-01 0.14233647E-02 0.23562457E-03
 -0.18704732E+01 0.10354128E+02 -0.48058163E-01 0.13956501E-02 0.23408303E-03
 -0.18474790E+01 0.10403256E+02 -0.48416302E-01 0.14027453E-02 0.23822764E-03
 -0.18237772E+01 0.10448949E+02 -0.48688704E-01 0.14129722E-02 0.23840420E-03
 -0.17991753E+01 0.10480319E+02 -0.48483254E-01 0.13804133E-02 0.24323729E-03
 -0.17739465E+01 0.10527209E+02 -0.48607345E-01 0.13577450E-02 0.24503426E-03
 -0.17477888E+01 0.10583685E+02 -0.49556365E-01 0.14392573E-02 0.25513178E-03
 -0.17206549E+01 0.10634268E+02 -0.49962851E-01 0.14592755E-02 0.25665610E-03
 -0.16924906E+01 0.10689355E+02 -0.50531992E-01 0.14945335E-02 0.26697888E-03
 -0.16632191E+01 0.10754037E+02 -0.51376471E-01 0.15498169E-02 0.27237083E-03
 -0.16326581E+01 0.10827046E+02 -0.52445435E-01 0.16348138E-02 0.27587361E-03
 -0.16003657E+01 0.10871031E+02 -0.52754660E-01 0.16542576E-02 0.28441497E-03
 -0.15666857E+01 0.10942867E+02 -0.53779167E-01 0.17282293E-02 0.29469049E-03
 -0.15309321E+01 0.10990006E+02 -0.54004002E-01 0.17379330E-02 0.29934130E-03
 -0.14933057E+01 0.11077213E+02 -0.55666265E-01 0.18788268E-02 0.31275335E-03
 -0.14531294E+01 0.11148733E+02 -0.56541260E-01 0.19423397E-02 0.32409420E-03
 -0.14098175E+01 0.11181762E+02 -0.55991572E-01 0.18812525E-02 0.34242633E-03
 -0.13634209E+01 0.11261978E+02 -0.57326758E-01 0.20010718E-02 0.35241470E-03
 -0.13128922E+01 0.11318948E+02 -0.57319332E-01 0.19744764E-02 0.36295743E-03
 -0.12576354E+01 0.11413960E+02 -0.58661024E-01 0.20861116E-02 0.36385394E-03
 -0.11960426E+01 0.11477993E+02 -0.58712606E-01 0.20682564E-02 0.37836221E-03
 -0.11265828E+01 0.11580446E+02 -0.59646498E-01 0.21206309E-02 0.39964163E-03
 -0.10461585E+01 0.11639389E+02 -0.59051292E-01 0.20610864E-02 0.42409758E-03
 -0.95087692E+00 0.11796244E+02 -0.61629845E-01 0.23048744E-02 0.49166420E-03
 -0.83164746E+00 0.11892434E+02 -0.61254712E-01 0.22895540E-02 0.54061837E-03
 -0.67063656E+00 0.12073376E+02 -0.61820876E-01 0.23641160E-02 0.60134332E-03
 -0.63002573E+00 0.12100823E+02 -0.60690190E-01 0.22300520E-02 0.61983128E-03
 -0.58483771E+00 0.12123692E+02 -0.60588107E-01 0.22546211E-02 0.64195474E-03
 -0.53446373E+00 0.12178359E+02 -0.61879109E-01 0.24252812E-02 0.66822942E-03
 -0.47712965E+00 0.12259016E+02 -0.63569166E-01 0.26587299E-02 0.71740250E-03
 -0.41029720E+00 0.12249073E+02 -0.59753205E-01 0.22672775E-02 0.78714047E-03
 -0.33046798E+00 0.12380979E+02 -0.60745351E-01 0.23431215E-02 0.87144740E-03
 -0.22965173E+00 0.12495435E+02 -0.60284856E-01 0.23107017E-02 0.10067099E-02
 -0.91706191E-01 0.12485593E+02 -0.54518393E-01 0.19535219E-02 0.12405861E-02
 0.13378457E+00 0.12581911E+02 -0.45721993E-01 0.14165098E-02 0.15971629E-02
 0.34786637E+00 0.12937899E+02 -0.49051608E-01 0.23630736E-02 0.21141399E-02
 0.61440442E+00 0.13509838E+02 -0.44698806E-01 0.24272780E-02 0.31408439E-02
 0.80989905E+00 0.13207655E+02 -0.11459587E-01 -0.55875266E-03 0.43146406E-02
ecmctt    4  7  5   30
 -0.64130345E+01 -0.39490072E+02 -0.11289339E+00 -0.59706909E-01 0.48486273E-02
 -0.62571341E+01 -0.35882709E+02 -0.65423388E-01 -0.52428219E-01 0.34003520E-02
 -0.60423774E+01 -0.30570709E+02 -0.60822916E-01 -0.37244159E-01 0.22994092E-02
 -0.58733265E+01 -0.26028446E+02 -0.69001731E-01 -0.27436673E-01 0.17255212E-02
 -0.56924079E+01 -0.22192842E+02 -0.39725915E-01 -0.23945364E-01 0.12926815E-02
 -0.55817967E+01 -0.19899542E+02 -0.25407766E-01 -0.22231780E-01 0.10807098E-02
 -0.55007619E+01 -0.18152313E+02 -0.28613572E-01 -0.18450559E-01 0.94493131E-03
 -0.54360547E+01 -0.16933652E+02 -0.26654418E-01 -0.16271743E-01 0.87624928E-03
 -0.53824554E+01 -0.15820678E+02 -0.30390854E-01 -0.13969540E-01 0.82901253E-03
 -0.53358635E+01 -0.14955278E+02 -0.28026318E-01 -0.13174745E-01 0.76709497E-03
 -0.52950309E+01 -0.14168532E+02 -0.27577988E-01 -0.12165417E-01 0.73368656E-03
 -0.52583843E+01 -0.13434350E+02 -0.32578896E-01 -0.10321049E-01 0.68528152E-03
 -0.52250916E+01 -0.12875361E+02 -0.30231268E-01 -0.98617702E-02 0.66075659E-03
 -0.50932167E+01 -0.10606776E+02 -0.27886963E-01 -0.71625114E-02 0.54940830E-03
 -0.49952469E+01 -0.89723923E+01 -0.29415328E-01 -0.49231778E-02 0.50167304E-03
 -0.49156360E+01 -0.79206480E+01 -0.16872279E-01 -0.55302878E-02 0.45306583E-03
 -0.48484256E+01 -0.70498033E+01 -0.95259374E-02 -0.55212340E-02 0.43122483E-03
 -0.47904485E+01 -0.62032867E+01 -0.97923219E-02 -0.46701058E-02 0.40042594E-03
 -0.47386619E+01 -0.55340512E+01 -0.63569669E-02 -0.44938219E-02 0.37759318E-03
 -0.46921808E+01 -0.48809729E+01 -0.76706560E-02 -0.36368198E-02 0.35752938E-03
 -0.46494781E+01 -0.43726372E+01 -0.42553068E-02 -0.36043812E-02 0.35132174E-03
 -0.46103225E+01 -0.38590494E+01 -0.32843742E-02 -0.33816659E-02 0.33903715E-03
 -0.45739209E+01 -0.33658513E+01 -0.44862196E-02 -0.27801758E-02 0.32940565E-03
 -0.45395762E+01 -0.29747082E+01 -0.19017370E-02 -0.28365527E-02 0.32156955E-03
 -0.45074015E+01 -0.25503540E+01 -0.41416385E-02 -0.21074176E-02 0.31721304E-03
 -0.44767776E+01 -0.21911984E+01 -0.37112212E-02 -0.18845589E-02 0.30730966E-03
 -0.44477448E+01 -0.18371598E+01 -0.43617227E-02 -0.15426938E-02 0.29662086E-03
 -0.44201119E+01 -0.15085838E+01 -0.44275030E-02 -0.13524953E-02 0.28222951E-03
 -0.43935007E+01 -0.12300155E+01 -0.29128968E-02 -0.13886036E-02 0.27635873E-03
 -0.43681047E+01 -0.96372099E+00 -0.12580073E-02 -0.14646327E-02 0.27691857E-03
 -0.43437623E+01 -0.66142886E+00 -0.24871554E-02 -0.11543615E-02 0.26924098E-03
 -0.43202113E+01 -0.39800073E+00 -0.27005868E-02 -0.98461600E-03 0.26565989E-03
 -0.42974364E+01 -0.15441389E+00 -0.23014230E-02 -0.89214803E-03 0.26039737E-03
 -0.42753141E+01 0.68904127E-01 -0.14410029E-02 -0.90610327E-03 0.26181643E-03
 -0.42539253E+01 0.30323229E+00 -0.18350333E-02 -0.75916499E-03 0.25567703E-03
 -0.42331136E+01 0.50679990E+00 -0.88395323E-03 -0.80388771E-03 0.24955583E-03
 -0.42129174E+01 0.70810747E+00 -0.16115150E-03 -0.83281933E-03 0.24904547E-03
 -0.41932896E+01 0.91866692E+00 -0.92645689E-03 -0.59479864E-03 0.24338434E-03
 -0.41740749E+01 0.10998515E+01 -0.30325494E-03 -0.57749076E-03 0.23460950E-03
 -0.41554629E+01 0.13184737E+01 -0.20764538E-02 -0.23853259E-03 0.23428962E-03
 -0.41371245E+01 0.14812178E+01 -0.11237367E-02 -0.28977246E-03 0.23309084E-03
 -0.41192186E+01 0.16401934E+01 -0.33239296E-03 -0.30000464E-03 0.23551994E-03
 -0.41017032E+01 0.18131435E+01 -0.41685072E-03 -0.20604545E-03 0.23183255E-03
 -0.40845594E+01 0.19774932E+01 -0.41425979E-03 -0.14326156E-03 0.23077285E-03
 -0.40677237E+01 0.21318986E+01 -0.15827032E-03 -0.11853349E-03 0.22904391E-03
 -0.40512193E+01 0.22919527E+01 -0.75364945E-03 0.59308468E-04 0.23070966E-03
 -0.40349841E+01 0.24349006E+01 -0.14390531E-03 0.11094601E-04 0.23174765E-03
 -0.40190994E+01 0.25892922E+01 -0.18288795E-03 0.11334669E-04 0.22985627E-03
 -0.40034798E+01 0.27378953E+01 -0.71765224E-03 0.18064018E-03 0.22646795E-03
 -0.39880933E+01 0.28909820E+01 -0.14969902E-02 0.33888306E-03 0.22787275E-03
 -0.39729154E+01 0.30276112E+01 -0.15088895E-02 0.38691388E-03 0.22850932E-03
 -0.39579844E+01 0.31603426E+01 -0.15496771E-02 0.44964408E-03 0.22883191E-03
 -0.39432397E+01 0.32913224E+01 -0.17256878E-02 0.53067953E-03 0.23072212E-03
 -0.39286033E+01 0.33932727E+01 -0.39592314E-03 0.37137240E-03 0.23100761E-03
 -0.39142707E+01 0.35308719E+01 -0.12446389E-02 0.54224708E-03 0.22922925E-03
 -0.39000711E+01 0.36460974E+01 -0.83102093E-03 0.50576438E-03 0.23083423E-03
 -0.38860305E+01 0.37554270E+01 -0.24195065E-03 0.43782702E-03 0.22755201E-03
 -0.38721216E+01 0.38524613E+01 0.76409310E-03 0.31450647E-03 0.22727741E-03
 -0.38583775E+01 0.39481125E+01 0.17840008E-02 0.17280906E-03 0.22643209E-03
 -0.38448114E+01 0.40565279E+01 0.15384662E-02 0.28119117E-03 0.22629430E-03
 -0.38313717E+01 0.41492305E+01 0.24143204E-02 0.18033794E-03 0.22846635E-03
 -0.38180610E+01 0.42344507E+01 0.36266172E-02 0.27891746E-04 0.22665753E-03
 -0.38049141E+01 0.43326021E+01 0.41405315E-02 -0.58517042E-04 0.22463305E-03
 -0.37919141E+01 0.44310990E+01 0.45887712E-02 -0.12136775E-03 0.22158033E-03
 -0.37790195E+01 0.45267018E+01 0.47275610E-02 -0.10592776E-03 0.22193291E-03
 -0.37662773E+01 0.46307778E+01 0.43065379E-02 -0.12768178E-05 0.22231588E-03
 -0.37535748E+01 0.47215733E+01 0.46252861E-02 -0.25913837E-04 0.22089954E-03
 -0.37410537E+01 0.48180574E+01 0.48361487E-02 -0.57140210E-04 0.21938471E-03
 -0.37286184E+01 0.49098409E+01 0.49813934E-02 -0.59423396E-04 0.21618201E-03
 -0.37162999E+01 0.50027482E+01 0.51855960E-02 -0.91346337E-04 0.21907250E-03
 -0.37040104E+01 0.50859734E+01 0.56717648E-02 -0.16341435E-03 0.21927995E-03
 -0.36918857E+01 0.51834901E+01 0.53128323E-02 -0.11242090E-03 0.21779161E-03
 -0.36798165E+01 0.52776051E+01 0.48546075E-02 -0.15567927E-04 0.21485352E-03
 -0.36678579E+01 0.53701804E+01 0.47292080E-02 -0.30420450E-05 0.21387003E-03
 -0.36559141E+01 0.54533383E+01 0.48108226E-02 0.10126606E-04 0.21323161E-03
 -0.36440357E+01 0.55321267E+01 0.50688889E-02 -0.71629056E-05 0.21302574E-03
 -0.36322698E+01 0.56183325E+01 0.51087445E-02 -0.28825687E-04 0.21108745E-03
 -0.36205197E+01 0.56903386E+01 0.59239606E-02 -0.15876637E-03 0.21004767E-03
 -0.36089104E+01 0.57856861E+01 0.51051861E-02 -0.37997878E-04 0.20780792E-03
 -0.35973483E+01 0.58746111E+01 0.46168043E-02 0.35855913E-04 0.20777264E-03
 -0.35858079E+01 0.59490985E+01 0.48323383E-02 0.42655104E-05 0.20647011E-03
 -0.35743632E+01 0.60264259E+01 0.50766942E-02 -0.46596034E-04 0.20494252E-03
 -0.35630013E+01 0.61038861E+01 0.52893514E-02 -0.69642602E-04 0.20421068E-03
 -0.35516180E+01 0.61689634E+01 0.59988786E-02 -0.17308482E-03 0.20584685E-03
 -0.35403239E+01 0.62546570E+01 0.53663213E-02 -0.68981401E-04 0.20507764E-03
 -0.35290571E+01 0.63359060E+01 0.47587808E-02 0.53732264E-04 0.20382927E-03
 -0.35178712E+01 0.64095736E+01 0.49102465E-02 0.27378772E-04 0.20672958E-03
 -0.35066790E+01 0.64768605E+01 0.52091577E-02 -0.60445076E-05 0.20769860E-03
 -0.34955210E+01 0.65500961E+01 0.51134687E-02 0.27860614E-04 0.20845448E-03
 -0.34844287E+01 0.66302445E+01 0.43555035E-02 0.16441211E-03 0.20677378E-03
 -0.34733578E+01 0.67066971E+01 0.40548618E-02 0.21716233E-03 0.20404158E-03
 -0.34623452E+01 0.67850896E+01 0.36019350E-02 0.27794948E-03 0.20446801E-03
 -0.34513002E+01 0.68380010E+01 0.45974848E-02 0.12763582E-03 0.20461328E-03
 -0.34403139E+01 0.69075793E+01 0.46123891E-02 0.11508398E-03 0.20428877E-03
 -0.34293638E+01 0.69770234E+01 0.44805011E-02 0.14489507E-03 0.20505361E-03
 -0.34183912E+01 0.70410507E+01 0.45651573E-02 0.13814469E-03 0.20276027E-03
 -0.34074589E+01 0.71004360E+01 0.51748802E-02 0.26546645E-04 0.20153816E-03
 -0.33965594E+01 0.71653180E+01 0.52296508E-02 0.45048928E-05 0.19778697E-03
 -0.33856837E+01 0.72341867E+01 0.50357396E-02 0.32076899E-04 0.19735288E-03
 -0.33748075E+01 0.72968638E+01 0.49904474E-02 0.56083086E-04 0.19597374E-03
 -0.33639949E+01 0.73714808E+01 0.42282317E-02 0.19373033E-03 0.19660367E-03
 -0.33531480E+01 0.74244941E+01 0.49706189E-02 0.67805203E-04 0.19369193E-03
 -0.33423190E+01 0.74893603E+01 0.47509360E-02 0.10724617E-03 0.19318994E-03
 -0.33315242E+01 0.75541080E+01 0.46213433E-02 0.12392807E-03 0.18981323E-03
 -0.33206743E+01 0.76019049E+01 0.54265431E-02 0.10603246E-04 0.18938136E-03
 -0.33098974E+01 0.76649929E+01 0.53814680E-02 0.67330774E-05 0.18818989E-03
 -0.32991394E+01 0.77350859E+01 0.47903636E-02 0.87457955E-04 0.19067945E-03
 -0.32883616E+01 0.77947919E+01 0.49274674E-02 0.65746519E-04 0.19065569E-03
 -0.32775592E+01 0.78540788E+01 0.49126762E-02 0.78870128E-04 0.18856628E-03
 -0.32668088E+01 0.79225798E+01 0.45145422E-02 0.13119969E-03 0.18955906E-03
 -0.32560147E+01 0.79785382E+01 0.46654280E-02 0.11013318E-03 0.19112849E-03
 -0.32451873E+01 0.80321245E+01 0.48147023E-02 0.10086284E-03 0.19068522E-03
 -0.32343680E+01 0.80923453E+01 0.45827182E-02 0.13730896E-03 0.19346700E-03
 -0.32235519E+01 0.81473317E+01 0.48691505E-02 0.74865000E-04 0.19390190E-03
 -0.32127219E+01 0.82153063E+01 0.40714601E-02 0.20447914E-03 0.19321342E-03
 -0.32019554E+01 0.82911685E+01 0.30631187E-02 0.34013219E-03 0.19266529E-03
 -0.31911339E+01 0.83558063E+01 0.26129025E-02 0.39876643E-03 0.19260423E-03
 -0.31803476E+01 0.84333451E+01 0.14372012E-02 0.56692712E-03 0.19387583E-03
 -0.31694941E+01 0.84914662E+01 0.16021802E-02 0.51739503E-03 0.19550855E-03
 -0.31586130E+01 0.85498052E+01 0.15651637E-02 0.50533059E-03 0.19491816E-03
 -0.31476839E+01 0.86067796E+01 0.15863745E-02 0.48962873E-03 0.19280417E-03
 -0.31367301E+01 0.86598887E+01 0.17931939E-02 0.45166684E-03 0.19482311E-03
 -0.31257564E+01 0.87179412E+01 0.16221030E-02 0.46460204E-03 0.19331315E-03
 -0.31147689E+01 0.87820945E+01 0.11004359E-02 0.53995435E-03 0.19491862E-03
 -0.31036999E+01 0.88284989E+01 0.15252166E-02 0.46358415E-03 0.19328149E-03
 -0.30926809E+01 0.88844684E+01 0.17270658E-02 0.39618527E-03 0.19302013E-03
 -0.30815262E+01 0.89251632E+01 0.20948706E-02 0.38089242E-03 0.19411828E-03
 -0.30704492E+01 0.89818588E+01 0.20432261E-02 0.37035496E-03 0.19234260E-03
 -0.30592802E+01 0.90290837E+01 0.26823594E-02 0.22949699E-03 0.19397639E-03
 -0.30480492E+01 0.90721419E+01 0.31971403E-02 0.14338916E-03 0.19551066E-03
 -0.30368292E+01 0.91294975E+01 0.29833489E-02 0.16885576E-03 0.19516259E-03
 -0.30256062E+01 0.91966767E+01 0.22491799E-02 0.26303818E-03 0.19689118E-03
 -0.30142107E+01 0.92409194E+01 0.24265060E-02 0.25243973E-03 0.19564083E-03
 -0.30028280E+01 0.92911931E+01 0.26098461E-02 0.21752648E-03 0.19443465E-03
 -0.29914139E+01 0.93455807E+01 0.26416782E-02 0.18323751E-03 0.19676707E-03
 -0.29799613E+01 0.94099230E+01 0.20070714E-02 0.25145268E-03 0.19618111E-03
 -0.29684379E+01 0.94622133E+01 0.18515406E-02 0.27948899E-03 0.19582330E-03
 -0.29568648E+01 0.95128183E+01 0.17053858E-02 0.32163904E-03 0.19706430E-03
 -0.29452496E+01 0.95697734E+01 0.16542958E-02 0.28604406E-03 0.19844381E-03
 -0.29335632E+01 0.96254259E+01 0.15394258E-02 0.28183567E-03 0.20012250E-03
 -0.29217244E+01 0.96624777E+01 0.24030602E-02 0.12714738E-03 0.20055068E-03
 -0.29098773E+01 0.97255763E+01 0.15271118E-02 0.25950453E-03 0.20538568E-03
 -0.28979104E+01 0.97769408E+01 0.15640555E-02 0.23548391E-03 0.20269390E-03
 -0.28859701E+01 0.98363727E+01 0.10842846E-02 0.29227352E-03 0.20478474E-03
 -0.28739576E+01 0.99068746E+01 -0.30876710E-04 0.45544760E-03 0.20862275E-03
 -0.28618036E+01 0.99598333E+01 -0.24038610E-03 0.47865364E-03 0.20756738E-03
 -0.28495803E+01 0.10022992E+02 -0.92499450E-03 0.57107307E-03 0.21000156E-03
 -0.28372442E+01 0.10071945E+02 -0.94812789E-03 0.58297000E-03 0.21059983E-03
 -0.28248324E+01 0.10126907E+02 -0.12768280E-02 0.63218130E-03 0.21038051E-03
 -0.28123053E+01 0.10173061E+02 -0.10488181E-02 0.59544063E-03 0.21143007E-03
 -0.27997152E+01 0.10227057E+02 -0.98602723E-03 0.55061312E-03 0.21223428E-03
 -0.27870246E+01 0.10291457E+02 -0.17653253E-02 0.65219352E-03 0.21472040E-03
 -0.27741913E+01 0.10346883E+02 -0.20570020E-02 0.67928336E-03 0.21786999E-03
 -0.27612419E+01 0.10403524E+02 -0.22988785E-02 0.69040839E-03 0.21679798E-03
 -0.27481615E+01 0.10452441E+02 -0.20881326E-02 0.63950829E-03 0.21405482E-03
 -0.27349613E+01 0.10507101E+02 -0.22710845E-02 0.63812620E-03 0.21787743E-03
 -0.27216628E+01 0.10565765E+02 -0.25005930E-02 0.63858847E-03 0.21921742E-03
 -0.27082131E+01 0.10630601E+02 -0.35898735E-02 0.81623372E-03 0.21978930E-03
 -0.26946379E+01 0.10692380E+02 -0.42099390E-02 0.89072883E-03 0.22323200E-03
 -0.26808799E+01 0.10738367E+02 -0.36587381E-02 0.76944759E-03 0.22262563E-03
 -0.26669338E+01 0.10789391E+02 -0.37584030E-02 0.77400640E-03 0.22438576E-03
 -0.26529418E+01 0.10868783E+02 -0.50725630E-02 0.91078360E-03 0.22327605E-03
 -0.26386994E+01 0.10924195E+02 -0.54393184E-02 0.96664317E-03 0.22242679E-03
 -0.26242588E+01 0.10971051E+02 -0.51707503E-02 0.90711145E-03 0.22227905E-03
 -0.26096691E+01 0.11028288E+02 -0.53794888E-02 0.92731210E-03 0.22333233E-03
 -0.25948834E+01 0.11087897E+02 -0.57537820E-02 0.96050670E-03 0.22624882E-03
 -0.25798407E+01 0.11137866E+02 -0.57810343E-02 0.94680765E-03 0.22547834E-03
 -0.25645545E+01 0.11163893E+02 -0.42651166E-02 0.71601011E-03 0.22690638E-03
 -0.25490603E+01 0.11196402E+02 -0.31102723E-02 0.54917573E-03 0.23060097E-03
 -0.25334318E+01 0.11261274E+02 -0.37036790E-02 0.59311968E-03 0.22921669E-03
 -0.25175759E+01 0.11333274E+02 -0.47052405E-02 0.71040164E-03 0.22958719E-03
 -0.25013460E+01 0.11365150E+02 -0.32510255E-02 0.46440312E-03 0.23093904E-03
 -0.24849378E+01 0.11422051E+02 -0.30308443E-02 0.37984756E-03 0.23053923E-03
 -0.24681897E+01 0.11476265E+02 -0.30843016E-02 0.36759178E-03 0.23616927E-03
 -0.24511287E+01 0.11522064E+02 -0.24181398E-02 0.22595598E-03 0.23764510E-03
 -0.24338784E+01 0.11607893E+02 -0.41180143E-02 0.44487874E-03 0.24020294E-03
 -0.24161768E+01 0.11665710E+02 -0.40666169E-02 0.38785748E-03 0.24379901E-03
 -0.23981153E+01 0.11722740E+02 -0.41004869E-02 0.37643346E-03 0.24500050E-03
 -0.23797493E+01 0.11799925E+02 -0.51974264E-02 0.51231178E-03 0.24946828E-03
 -0.23609817E+01 0.11878133E+02 -0.61968731E-02 0.63370580E-03 0.24702147E-03
 -0.23416890E+01 0.11938871E+02 -0.64865950E-02 0.67393087E-03 0.25363351E-03
 -0.23220103E+01 0.12018722E+02 -0.73703107E-02 0.74852708E-03 0.25500454E-03
 -0.23018077E+01 0.12097805E+02 -0.84291274E-02 0.86214313E-03 0.26203399E-03
 -0.22810029E+01 0.12149172E+02 -0.79464960E-02 0.76963778E-03 0.25908349E-03
 -0.22596851E+01 0.12234603E+02 -0.92863515E-02 0.92873025E-03 0.26340008E-03
 -0.22377329E+01 0.12300982E+02 -0.94742015E-02 0.92265491E-03 0.26645593E-03
 -0.22151070E+01 0.12349954E+02 -0.82961500E-02 0.67799871E-03 0.26915796E-03
 -0.21917432E+01 0.12414906E+02 -0.83109278E-02 0.63244168E-03 0.27475901E-03
 -0.21676487E+01 0.12493704E+02 -0.90797205E-02 0.70785654E-03 0.28086223E-03
 -0.21426229E+01 0.12537400E+02 -0.76745909E-02 0.48481403E-03 0.27941214E-03
 -0.21166668E+01 0.12592148E+02 -0.73041642E-02 0.43838850E-03 0.29169516E-03
 -0.20897951E+01 0.12668244E+02 -0.71962504E-02 0.33759758E-03 0.29543396E-03
 -0.20617100E+01 0.12707182E+02 -0.51212345E-02 -0.29787680E-04 0.30699984E-03
 -0.20323647E+01 0.12783324E+02 -0.59906063E-02 0.11809559E-03 0.31658406E-03
 -0.20016510E+01 0.12862042E+02 -0.68349587E-02 0.27613993E-03 0.32074746E-03
 -0.19693642E+01 0.12926229E+02 -0.57774170E-02 0.48953908E-04 0.33300366E-03
 -0.19353378E+01 0.13010395E+02 -0.59016268E-02 0.31336838E-04 0.33918197E-03
 -0.18990571E+01 0.13063833E+02 -0.45970320E-02 -0.20000420E-03 0.35627942E-03
 -0.18604725E+01 0.13096651E+02 -0.20970101E-02 -0.54725531E-03 0.36961345E-03
 -0.18194667E+01 0.13227278E+02 -0.45191027E-02 -0.24568872E-03 0.38122827E-03
 -0.17752105E+01 0.13328743E+02 -0.40530299E-02 -0.45114040E-03 0.39826570E-03
 -0.17272285E+01 0.13480243E+02 -0.66193200E-02 -0.16985313E-03 0.40974703E-03
 -0.16741218E+01 0.13529402E+02 -0.36390951E-02 -0.61070014E-03 0.42703535E-03
 -0.16155456E+01 0.13705165E+02 -0.64820450E-02 -0.29619991E-03 0.44912257E-03
 -0.15490573E+01 0.13826527E+02 -0.59459010E-02 -0.47417410E-03 0.48045271E-03
 -0.14723527E+01 0.13975633E+02 -0.65196402E-02 -0.38947487E-03 0.51842217E-03
 -0.13807712E+01 0.14165548E+02 -0.98381851E-02 0.17432384E-03 0.57825762E-03
 -0.12663984E+01 0.14285477E+02 -0.53867500E-02 -0.52907396E-03 0.62495477E-03
 -0.11116409E+01 0.14517564E+02 -0.54184318E-02 -0.34107267E-03 0.71522015E-03
 -0.10724917E+01 0.14567032E+02 -0.50620161E-02 -0.29951898E-03 0.75637213E-03
 -0.10291383E+01 0.14543548E+02 -0.77481123E-03 -0.76296635E-03 0.79214543E-03
 -0.98104758E+00 0.14617577E+02 -0.56158766E-03 -0.77913975E-03 0.86143580E-03
 -0.92626626E+00 0.14848606E+02 -0.10483855E-01 0.83518587E-03 0.90255381E-03
 -0.86193200E+00 0.14901500E+02 -0.76136586E-02 0.37570838E-03 0.93634139E-03
 -0.78541530E+00 0.15060908E+02 -0.87460890E-02 0.62791269E-03 0.10129555E-02
 -0.68894914E+00 0.15258504E+02 -0.10688343E-01 0.10312414E-02 0.10942159E-02
 -0.55713899E+00 0.15613042E+02 -0.17516328E-01 0.23210352E-02 0.12811113E-02
 -0.34005301E+00 0.16123809E+02 -0.32399605E-01 0.58224093E-02 0.17761858E-02
 -0.13573747E+00 0.17010030E+02 -0.62667340E-01 0.11388186E-01 0.23494951E-02
 0.12210495E+00 0.17421703E+02 -0.40828125E-01 0.87185003E-02 0.35738221E-02
 0.31121510E+00 0.16483651E+02 0.63769743E-01 -0.74357276E-02 0.47851131E-02
