Copyright (c) James G. MacKinnon, 1999
ecmnc    11 11  7   40
 -0.68310862E+01 -0.33761334E+02 -0.13142607E+00 0.63764870E-02 0.48660478E-02
 -0.66711485E+01 -0.29089759E+02 -0.82728600E-01 0.11012501E-02 0.31433793E-02
 -0.64421589E+01 -0.23561019E+02 -0.53232951E-01 0.92343361E-03 0.24398505E-02
 -0.62582137E+01 -0.19571226E+02 -0.20536671E-01 -0.20069143E-02 0.17380339E-02
 -0.60643522E+01 -0.15554801E+02 0.42334359E-02 -0.38982230E-02 0.12901622E-02
 -0.59456884E+01 -0.12748443E+02 -0.83774265E-02 -0.20911822E-02 0.10899170E-02
 -0.58588094E+01 -0.10738405E+02 -0.17711411E-01 -0.84888852E-03 0.93744311E-03
 -0.57891010E+01 -0.93261538E+01 -0.17280900E-01 -0.10395511E-02 0.85480323E-03
 -0.57302774E+01 -0.83934597E+01 -0.85649401E-02 -0.19966923E-02 0.80015562E-03
 -0.56802176E+01 -0.74179023E+01 -0.10307780E-01 -0.17877782E-02 0.73458244E-03
 -0.56356926E+01 -0.65076712E+01 -0.14858462E-01 -0.12755042E-02 0.66634539E-03
 -0.55959211E+01 -0.57533792E+01 -0.17746524E-01 -0.92042781E-03 0.64455986E-03
 -0.55599345E+01 -0.50380060E+01 -0.22692237E-01 -0.32292774E-03 0.63098137E-03
 -0.54156947E+01 -0.25310668E+01 -0.26843980E-01 -0.16033040E-03 0.54305470E-03
 -0.53084377E+01 -0.81012050E+00 -0.28025566E-01 -0.24157875E-03 0.50334018E-03
 -0.52213468E+01 0.48726281E+00 -0.29502556E-01 -0.22444853E-03 0.47584363E-03
 -0.51476073E+01 0.15708068E+01 -0.31583352E-01 -0.26628701E-03 0.44502303E-03
 -0.50832208E+01 0.24326213E+01 -0.31792430E-01 -0.40847043E-03 0.41652218E-03
 -0.50265722E+01 0.33269247E+01 -0.38612351E-01 0.20506416E-03 0.40064457E-03
 -0.49750042E+01 0.40696109E+01 -0.43108296E-01 0.58781539E-03 0.38334220E-03
 -0.49276848E+01 0.46924685E+01 -0.44634176E-01 0.57062605E-03 0.38339167E-03
 -0.48839192E+01 0.52535887E+01 -0.46687894E-01 0.68381723E-03 0.37425591E-03
 -0.48434455E+01 0.58182853E+01 -0.50499853E-01 0.95939969E-03 0.36145947E-03
 -0.48053660E+01 0.63031827E+01 -0.52585856E-01 0.10651022E-02 0.35009635E-03
 -0.47692826E+01 0.67254943E+01 -0.53411771E-01 0.10145067E-02 0.33950560E-03
 -0.47352959E+01 0.71853668E+01 -0.57228567E-01 0.13273899E-02 0.33411900E-03
 -0.47028959E+01 0.75597387E+01 -0.57978917E-01 0.12648016E-02 0.32450252E-03
 -0.46717887E+01 0.79131504E+01 -0.59741421E-01 0.13901626E-02 0.31512606E-03
 -0.46420162E+01 0.82409030E+01 -0.60836982E-01 0.14104603E-02 0.30672658E-03
 -0.46135996E+01 0.85811035E+01 -0.63108529E-01 0.15688458E-02 0.30163095E-03
 -0.45862337E+01 0.88940197E+01 -0.64611924E-01 0.16167283E-02 0.29731100E-03
 -0.45597699E+01 0.91938880E+01 -0.66679107E-01 0.17898951E-02 0.30052861E-03
 -0.45342424E+01 0.94928759E+01 -0.68941517E-01 0.19496113E-02 0.29334618E-03
 -0.45095026E+01 0.97797220E+01 -0.71565489E-01 0.21715281E-02 0.29498409E-03
 -0.44854917E+01 0.10054865E+02 -0.73769481E-01 0.23296019E-02 0.29139359E-03
 -0.44622050E+01 0.10333108E+02 -0.76485692E-01 0.25337698E-02 0.28865584E-03
 -0.44394056E+01 0.10563700E+02 -0.77662450E-01 0.25847331E-02 0.27995776E-03
 -0.44172596E+01 0.10801648E+02 -0.79478830E-01 0.27022105E-02 0.27573747E-03
 -0.43956549E+01 0.11029884E+02 -0.81176990E-01 0.28173761E-02 0.27736303E-03
 -0.43746000E+01 0.11255618E+02 -0.82800144E-01 0.29033852E-02 0.27711726E-03
 -0.43539674E+01 0.11464284E+02 -0.84389644E-01 0.30198653E-02 0.27577591E-03
 -0.43337255E+01 0.11664023E+02 -0.85968668E-01 0.31432614E-02 0.27669153E-03
 -0.43139073E+01 0.11854010E+02 -0.86967127E-01 0.31814206E-02 0.27842804E-03
 -0.42943724E+01 0.12027081E+02 -0.87488480E-01 0.31551218E-02 0.27371557E-03
 -0.42753100E+01 0.12211198E+02 -0.88778562E-01 0.32239892E-02 0.27323186E-03
 -0.42564857E+01 0.12380964E+02 -0.89685084E-01 0.32496898E-02 0.26920687E-03
 -0.42380292E+01 0.12553159E+02 -0.91159493E-01 0.33774079E-02 0.26533518E-03
 -0.42199144E+01 0.12717061E+02 -0.92251939E-01 0.34336697E-02 0.26245780E-03
 -0.42020582E+01 0.12880021E+02 -0.93518805E-01 0.35080878E-02 0.26166493E-03
 -0.41845018E+01 0.13048018E+02 -0.95184334E-01 0.36475086E-02 0.25967442E-03
 -0.41671895E+01 0.13208884E+02 -0.96681683E-01 0.37603750E-02 0.25715785E-03
 -0.41500840E+01 0.13361995E+02 -0.97942881E-01 0.38462915E-02 0.25363768E-03
 -0.41332421E+01 0.13502992E+02 -0.98659614E-01 0.38685581E-02 0.24902564E-03
 -0.41166116E+01 0.13642558E+02 -0.99676563E-01 0.39320057E-02 0.24700526E-03
 -0.41002570E+01 0.13788886E+02 -0.10082713E+00 0.39830178E-02 0.24596594E-03
 -0.40840291E+01 0.13920512E+02 -0.10169046E+00 0.40284930E-02 0.24010848E-03
 -0.40680204E+01 0.14060569E+02 -0.10313720E+00 0.41481491E-02 0.23580138E-03
 -0.40521856E+01 0.14200149E+02 -0.10470335E+00 0.42790059E-02 0.23329589E-03
 -0.40365835E+01 0.14338830E+02 -0.10595173E+00 0.43510271E-02 0.23313570E-03
 -0.40210779E+01 0.14459895E+02 -0.10670228E+00 0.43791631E-02 0.22770380E-03
 -0.40057583E+01 0.14590698E+02 -0.10782899E+00 0.44379051E-02 0.22558373E-03
 -0.39906255E+01 0.14717876E+02 -0.10913715E+00 0.45370070E-02 0.22608136E-03
 -0.39755250E+01 0.14830799E+02 -0.10980828E+00 0.45585286E-02 0.22394254E-03
 -0.39605835E+01 0.14939400E+02 -0.11037960E+00 0.45774252E-02 0.22350646E-03
 -0.39457899E+01 0.15048080E+02 -0.11109230E+00 0.46133831E-02 0.22200028E-03
 -0.39311488E+01 0.15153499E+02 -0.11173182E+00 0.46402889E-02 0.21830057E-03
 -0.39165818E+01 0.15248157E+02 -0.11192319E+00 0.46146344E-02 0.21929829E-03
 -0.39021639E+01 0.15350768E+02 -0.11254718E+00 0.46382107E-02 0.21777646E-03
 -0.38878359E+01 0.15456547E+02 -0.11331904E+00 0.46675101E-02 0.21587878E-03
 -0.38736845E+01 0.15564583E+02 -0.11417643E+00 0.47069837E-02 0.21403542E-03
 -0.38596467E+01 0.15682179E+02 -0.11575900E+00 0.48395431E-02 0.21345186E-03
 -0.38457049E+01 0.15795150E+02 -0.11710264E+00 0.49438920E-02 0.21547092E-03
 -0.38317823E+01 0.15892815E+02 -0.11795842E+00 0.49988714E-02 0.21328180E-03
 -0.38179241E+01 0.15983738E+02 -0.11863583E+00 0.50496081E-02 0.21282193E-03
 -0.38042195E+01 0.16085165E+02 -0.11968250E+00 0.51246242E-02 0.21313028E-03
 -0.37906338E+01 0.16183387E+02 -0.12047308E+00 0.51619462E-02 0.21335179E-03
 -0.37770586E+01 0.16273292E+02 -0.12108724E+00 0.51897721E-02 0.21582534E-03
 -0.37635171E+01 0.16356167E+02 -0.12150330E+00 0.51951715E-02 0.21743037E-03
 -0.37500953E+01 0.16448548E+02 -0.12222717E+00 0.52240852E-02 0.21476146E-03
 -0.37366754E+01 0.16534239E+02 -0.12303992E+00 0.52880146E-02 0.21204825E-03
 -0.37233507E+01 0.16617424E+02 -0.12356220E+00 0.53008325E-02 0.21351802E-03
 -0.37101817E+01 0.16715330E+02 -0.12471510E+00 0.53861245E-02 0.21625083E-03
 -0.36969417E+01 0.16797496E+02 -0.12549510E+00 0.54405221E-02 0.21797618E-03
 -0.36838062E+01 0.16879024E+02 -0.12619970E+00 0.54873632E-02 0.21955716E-03
 -0.36707089E+01 0.16954743E+02 -0.12649765E+00 0.54630934E-02 0.21885176E-03
 -0.36577196E+01 0.17043624E+02 -0.12745495E+00 0.55279003E-02 0.21642507E-03
 -0.36446514E+01 0.17115750E+02 -0.12792333E+00 0.55478263E-02 0.21379154E-03
 -0.36316869E+01 0.17185956E+02 -0.12818788E+00 0.55394939E-02 0.21127427E-03
 -0.36187810E+01 0.17276870E+02 -0.12943076E+00 0.56323838E-02 0.21261311E-03
 -0.36059212E+01 0.17353528E+02 -0.12999505E+00 0.56510662E-02 0.21343305E-03
 -0.35930780E+01 0.17431103E+02 -0.13068520E+00 0.56853571E-02 0.21533154E-03
 -0.35802847E+01 0.17509121E+02 -0.13145442E+00 0.57299770E-02 0.21474050E-03
 -0.35675152E+01 0.17577357E+02 -0.13172301E+00 0.57084649E-02 0.21477367E-03
 -0.35548031E+01 0.17655814E+02 -0.13246234E+00 0.57404107E-02 0.21629804E-03
 -0.35421090E+01 0.17728655E+02 -0.13313377E+00 0.57802978E-02 0.21783567E-03
 -0.35294110E+01 0.17797984E+02 -0.13367224E+00 0.58081041E-02 0.21716322E-03
 -0.35167076E+01 0.17865486E+02 -0.13429674E+00 0.58514757E-02 0.21652200E-03
 -0.35040876E+01 0.17946528E+02 -0.13542625E+00 0.59453121E-02 0.21770709E-03
 -0.34914742E+01 0.18014407E+02 -0.13598792E+00 0.59730933E-02 0.21733009E-03
 -0.34788668E+01 0.18083753E+02 -0.13658392E+00 0.59958173E-02 0.21584288E-03
 -0.34662482E+01 0.18151994E+02 -0.13729739E+00 0.60493878E-02 0.21714247E-03
 -0.34536284E+01 0.18214756E+02 -0.13787396E+00 0.60896929E-02 0.21583955E-03
 -0.34410978E+01 0.18287014E+02 -0.13875735E+00 0.61594184E-02 0.21624529E-03
 -0.34285044E+01 0.18342887E+02 -0.13894493E+00 0.61507841E-02 0.21194082E-03
 -0.34159792E+01 0.18418818E+02 -0.13994751E+00 0.62182317E-02 0.21330329E-03
 -0.34033976E+01 0.18483394E+02 -0.14066997E+00 0.62732490E-02 0.21294430E-03
 -0.33907902E+01 0.18545360E+02 -0.14133089E+00 0.63191452E-02 0.21318767E-03
 -0.33782410E+01 0.18616364E+02 -0.14219940E+00 0.63764977E-02 0.21568106E-03
 -0.33656704E+01 0.18679162E+02 -0.14282179E+00 0.64099940E-02 0.21718442E-03
 -0.33531419E+01 0.18747588E+02 -0.14366361E+00 0.64665258E-02 0.22056499E-03
 -0.33405493E+01 0.18811189E+02 -0.14443327E+00 0.65231165E-02 0.22087063E-03
 -0.33279525E+01 0.18869797E+02 -0.14491641E+00 0.65467737E-02 0.22062602E-03
 -0.33153857E+01 0.18940420E+02 -0.14599029E+00 0.66336702E-02 0.22184338E-03
 -0.33027559E+01 0.18991979E+02 -0.14612180E+00 0.66095392E-02 0.22057410E-03
 -0.32901032E+01 0.19047489E+02 -0.14663133E+00 0.66390657E-02 0.22280143E-03
 -0.32774223E+01 0.19097120E+02 -0.14674368E+00 0.66156621E-02 0.22346965E-03
 -0.32647455E+01 0.19149558E+02 -0.14720352E+00 0.66460502E-02 0.22245401E-03
 -0.32520831E+01 0.19208458E+02 -0.14784568E+00 0.66832334E-02 0.22490412E-03
 -0.32393230E+01 0.19255630E+02 -0.14810752E+00 0.66871622E-02 0.22425005E-03
 -0.32266729E+01 0.19324388E+02 -0.14914660E+00 0.67682832E-02 0.22618589E-03
 -0.32139095E+01 0.19383545E+02 -0.14997156E+00 0.68303389E-02 0.22830418E-03
 -0.32011245E+01 0.19439202E+02 -0.15044984E+00 0.68480009E-02 0.22813617E-03
 -0.31882876E+01 0.19492842E+02 -0.15103476E+00 0.68874221E-02 0.22770029E-03
 -0.31754467E+01 0.19547768E+02 -0.15165866E+00 0.69262633E-02 0.23230706E-03
 -0.31625719E+01 0.19603768E+02 -0.15222407E+00 0.69523199E-02 0.23241449E-03
 -0.31496787E+01 0.19667138E+02 -0.15321198E+00 0.70275496E-02 0.23057107E-03
 -0.31367160E+01 0.19719249E+02 -0.15365841E+00 0.70428117E-02 0.23105527E-03
 -0.31236605E+01 0.19759058E+02 -0.15367333E+00 0.70144283E-02 0.22940818E-03
 -0.31106327E+01 0.19820545E+02 -0.15469576E+00 0.71047211E-02 0.22861891E-03
 -0.30974797E+01 0.19861897E+02 -0.15487952E+00 0.71015534E-02 0.22973862E-03
 -0.30842895E+01 0.19902589E+02 -0.15498728E+00 0.70853038E-02 0.23111095E-03
 -0.30710721E+01 0.19950664E+02 -0.15547494E+00 0.71116220E-02 0.23081027E-03
 -0.30578190E+01 0.20007797E+02 -0.15628963E+00 0.71717593E-02 0.23183530E-03
 -0.30445739E+01 0.20064851E+02 -0.15690336E+00 0.71938506E-02 0.23182419E-03
 -0.30311795E+01 0.20113848E+02 -0.15740265E+00 0.72194255E-02 0.23201147E-03
 -0.30177590E+01 0.20163111E+02 -0.15788627E+00 0.72388490E-02 0.23145839E-03
 -0.30042581E+01 0.20220841E+02 -0.15888728E+00 0.73268663E-02 0.23317988E-03
 -0.29906575E+01 0.20266796E+02 -0.15935139E+00 0.73504369E-02 0.23281662E-03
 -0.29770283E+01 0.20319319E+02 -0.15995970E+00 0.73779262E-02 0.23622050E-03
 -0.29632582E+01 0.20360001E+02 -0.16015036E+00 0.73700601E-02 0.23904903E-03
 -0.29494119E+01 0.20409482E+02 -0.16084323E+00 0.74175127E-02 0.23663653E-03
 -0.29355480E+01 0.20454248E+02 -0.16097299E+00 0.73870539E-02 0.23630842E-03
 -0.29215927E+01 0.20511440E+02 -0.16199081E+00 0.74746517E-02 0.23726400E-03
 -0.29074742E+01 0.20550289E+02 -0.16216902E+00 0.74618083E-02 0.23540188E-03
 -0.28932790E+01 0.20595342E+02 -0.16276163E+00 0.75057380E-02 0.23451769E-03
 -0.28789957E+01 0.20643320E+02 -0.16358790E+00 0.75870684E-02 0.23436045E-03
 -0.28646126E+01 0.20684192E+02 -0.16397329E+00 0.76107049E-02 0.23471790E-03
 -0.28501800E+01 0.20737727E+02 -0.16481460E+00 0.76743445E-02 0.23732004E-03
 -0.28356023E+01 0.20784445E+02 -0.16537678E+00 0.76998868E-02 0.23870045E-03
 -0.28209194E+01 0.20839756E+02 -0.16656724E+00 0.78169033E-02 0.23989686E-03
 -0.28060682E+01 0.20879390E+02 -0.16681931E+00 0.78141540E-02 0.24029848E-03
 -0.27910959E+01 0.20918042E+02 -0.16718042E+00 0.78332140E-02 0.23938223E-03
 -0.27760572E+01 0.20971403E+02 -0.16822580E+00 0.79312733E-02 0.23810891E-03
 -0.27608608E+01 0.21025950E+02 -0.16929410E+00 0.80299223E-02 0.24173356E-03
 -0.27455179E+01 0.21063938E+02 -0.16952649E+00 0.80227701E-02 0.24123719E-03
 -0.27299709E+01 0.21096616E+02 -0.16985444E+00 0.80444793E-02 0.24248297E-03
 -0.27143190E+01 0.21144471E+02 -0.17061370E+00 0.81034524E-02 0.23877309E-03
 -0.26984554E+01 0.21171595E+02 -0.17052724E+00 0.80702057E-02 0.24337959E-03
 -0.26824426E+01 0.21206512E+02 -0.17077134E+00 0.80704430E-02 0.24159178E-03
 -0.26662944E+01 0.21253740E+02 -0.17169327E+00 0.81557351E-02 0.24473656E-03
 -0.26499392E+01 0.21286070E+02 -0.17178253E+00 0.81386753E-02 0.24302109E-03
 -0.26333658E+01 0.21317576E+02 -0.17193532E+00 0.81305240E-02 0.24143796E-03
 -0.26165686E+01 0.21348929E+02 -0.17221016E+00 0.81443774E-02 0.24506245E-03
 -0.25996361E+01 0.21385917E+02 -0.17259756E+00 0.81693428E-02 0.24555904E-03
 -0.25825385E+01 0.21442643E+02 -0.17391173E+00 0.82909545E-02 0.24410803E-03
 -0.25651026E+01 0.21473329E+02 -0.17425685E+00 0.83224666E-02 0.24549292E-03
 -0.25474256E+01 0.21502509E+02 -0.17445429E+00 0.83221597E-02 0.24835122E-03
 -0.25295723E+01 0.21539428E+02 -0.17467221E+00 0.83058508E-02 0.24703894E-03
 -0.25113911E+01 0.21573598E+02 -0.17512399E+00 0.83372110E-02 0.25198154E-03
 -0.24929866E+01 0.21616943E+02 -0.17586919E+00 0.83893070E-02 0.25509753E-03
 -0.24742957E+01 0.21654598E+02 -0.17642355E+00 0.84244374E-02 0.25247457E-03
 -0.24552272E+01 0.21691560E+02 -0.17707352E+00 0.84751193E-02 0.25443947E-03
 -0.24358204E+01 0.21710398E+02 -0.17680380E+00 0.84178598E-02 0.25800232E-03
 -0.24162380E+01 0.21760481E+02 -0.17780584E+00 0.84912514E-02 0.25982945E-03
 -0.23962376E+01 0.21810234E+02 -0.17901459E+00 0.86041167E-02 0.26487632E-03
 -0.23758746E+01 0.21863769E+02 -0.18057518E+00 0.87773188E-02 0.26208979E-03
 -0.23550772E+01 0.21888109E+02 -0.18067852E+00 0.87741849E-02 0.26469817E-03
 -0.23339477E+01 0.21927174E+02 -0.18108236E+00 0.87776207E-02 0.26594227E-03
 -0.23121438E+01 0.21939171E+02 -0.18085974E+00 0.87399337E-02 0.26998627E-03
 -0.22899793E+01 0.21972185E+02 -0.18132539E+00 0.87598551E-02 0.27537882E-03
 -0.22673249E+01 0.22001494E+02 -0.18155813E+00 0.87485167E-02 0.27711399E-03
 -0.22441822E+01 0.22052690E+02 -0.18306185E+00 0.89051711E-02 0.28210546E-03
 -0.22203831E+01 0.22073319E+02 -0.18302214E+00 0.88712628E-02 0.28955018E-03
 -0.21959965E+01 0.22109648E+02 -0.18392519E+00 0.89709207E-02 0.29255068E-03
 -0.21709921E+01 0.22137112E+02 -0.18417516E+00 0.89675667E-02 0.29412516E-03
 -0.21451572E+01 0.22144891E+02 -0.18398819E+00 0.89540247E-02 0.29857873E-03
 -0.21184895E+01 0.22164550E+02 -0.18436385E+00 0.89906065E-02 0.30251799E-03
 -0.20911061E+01 0.22182348E+02 -0.18417967E+00 0.89220038E-02 0.30431797E-03
 -0.20628214E+01 0.22199362E+02 -0.18426257E+00 0.89113760E-02 0.30141571E-03
 -0.20335827E+01 0.22214646E+02 -0.18406895E+00 0.88560542E-02 0.31064726E-03
 -0.20032825E+01 0.22246413E+02 -0.18496758E+00 0.89423077E-02 0.31436843E-03
 -0.19716904E+01 0.22251040E+02 -0.18474747E+00 0.89168541E-02 0.32140761E-03
 -0.19387300E+01 0.22236650E+02 -0.18387260E+00 0.88302272E-02 0.33113108E-03
 -0.19044536E+01 0.22249608E+02 -0.18412375E+00 0.88535558E-02 0.33607131E-03
 -0.18686684E+01 0.22279528E+02 -0.18488947E+00 0.89163234E-02 0.34573650E-03
 -0.18310059E+01 0.22304615E+02 -0.18564454E+00 0.90012214E-02 0.35243106E-03
 -0.17909913E+01 0.22291904E+02 -0.18560701E+00 0.90235616E-02 0.36430728E-03
 -0.17488753E+01 0.22310761E+02 -0.18602741E+00 0.90429936E-02 0.36437240E-03
 -0.17040349E+01 0.22305965E+02 -0.18566255E+00 0.90066805E-02 0.36930895E-03
 -0.16559074E+01 0.22272428E+02 -0.18397079E+00 0.87916485E-02 0.38007378E-03
 -0.16041319E+01 0.22260102E+02 -0.18408448E+00 0.88310628E-02 0.39737462E-03
 -0.15481006E+01 0.22242692E+02 -0.18334937E+00 0.87191153E-02 0.41944948E-03
 -0.14864959E+01 0.22229002E+02 -0.18374786E+00 0.88306230E-02 0.42530982E-03
 -0.14180552E+01 0.22191789E+02 -0.18312090E+00 0.88169370E-02 0.44841798E-03
 -0.13408921E+01 0.22166099E+02 -0.18319648E+00 0.88785539E-02 0.47061034E-03
 -0.12516861E+01 0.22095593E+02 -0.18131969E+00 0.86818762E-02 0.50838685E-03
 -0.11452721E+01 0.21974627E+02 -0.17838511E+00 0.84801638E-02 0.56549509E-03
 -0.10126983E+01 0.21773344E+02 -0.17411345E+00 0.82665608E-02 0.62753280E-03
 -0.83263328E+00 0.21513354E+02 -0.16911792E+00 0.80965032E-02 0.75943198E-03
 -0.78709267E+00 0.21412178E+02 -0.16553101E+00 0.77486193E-02 0.80180804E-03
 -0.73670662E+00 0.21349054E+02 -0.16474634E+00 0.77967585E-02 0.82807785E-03
 -0.68041748E+00 0.21154600E+02 -0.15835886E+00 0.72390447E-02 0.86644524E-03
 -0.61690752E+00 0.21129934E+02 -0.15975852E+00 0.75802714E-02 0.93499782E-03
 -0.54268982E+00 0.20998097E+02 -0.15678327E+00 0.74803692E-02 0.10238903E-02
 -0.45254299E+00 0.20714022E+02 -0.14862410E+00 0.68717177E-02 0.11227596E-02
 -0.33937843E+00 0.20324350E+02 -0.13338136E+00 0.53345969E-02 0.12392758E-02
 -0.18382347E+00 0.19996037E+02 -0.12902210E+00 0.56460888E-02 0.14905288E-02
 0.70184960E-01 0.19558124E+02 -0.12386052E+00 0.64677238E-02 0.19484629E-02
 0.31460516E+00 0.18397661E+02 -0.78409460E-01 0.22002747E-02 0.25292355E-02
 0.61768730E+00 0.17385413E+02 -0.36791177E-01 -0.12066515E-02 0.38658624E-02
 0.82950777E+00 0.18271703E+02 -0.45698028E-01 -0.11256806E-02 0.50214162E-02
ecmc     11 12  5   45
 -0.70606037E+01 -0.38280505E+02 -0.22334552E+00 -0.20519717E+00 0.60539613E-02
 -0.68982564E+01 -0.34554329E+02 -0.68556748E-01 -0.20266723E+00 0.47092866E-02
 -0.66786197E+01 -0.24952011E+02 -0.30173786E+00 -0.95460735E-01 0.28580934E-02
 -0.64964083E+01 -0.20844284E+02 -0.20140224E+00 -0.84150312E-01 0.21717765E-02
 -0.63040697E+01 -0.16241977E+02 -0.16436871E+00 -0.62453763E-01 0.16202301E-02
 -0.61866885E+01 -0.13945221E+02 -0.84453303E-01 -0.66088886E-01 0.12668750E-02
 -0.60994951E+01 -0.12222448E+02 -0.44031209E-01 -0.65727604E-01 0.11341858E-02
 -0.60300541E+01 -0.10887977E+02 -0.15605528E-01 -0.65455136E-01 0.10502733E-02
 -0.59725848E+01 -0.97700639E+01 0.58766017E-02 -0.64341335E-01 0.94316476E-03
 -0.59233815E+01 -0.85690502E+01 0.93011101E-02 -0.62037889E-01 0.85006392E-03
 -0.58796749E+01 -0.76473327E+01 0.15410943E-01 -0.59126445E-01 0.82082202E-03
 -0.58407928E+01 -0.67816606E+01 0.14741971E-01 -0.55065652E-01 0.77985787E-03
 -0.58051042E+01 -0.61058230E+01 0.21404811E-01 -0.53489608E-01 0.77023420E-03
 -0.56637250E+01 -0.29644477E+01 -0.39405665E-02 -0.35680817E-01 0.68112001E-03
 -0.55576657E+01 -0.11096251E+01 0.16337186E-01 -0.33313849E-01 0.62803380E-03
 -0.54717840E+01 0.41370428E+00 0.19238757E-01 -0.28226993E-01 0.58107485E-03
 -0.53996309E+01 0.17166441E+01 0.20716060E-01 -0.24626379E-01 0.56079754E-03
 -0.53367084E+01 0.27378692E+01 0.27519279E-01 -0.22665877E-01 0.52345019E-03
 -0.52805672E+01 0.36535534E+01 0.30240596E-01 -0.20346202E-01 0.50199284E-03
 -0.52295648E+01 0.43404675E+01 0.42215931E-01 -0.20522909E-01 0.46997623E-03
 -0.51832323E+01 0.50989617E+01 0.39893863E-01 -0.17801659E-01 0.44731923E-03
 -0.51401141E+01 0.56857286E+01 0.48170139E-01 -0.17960632E-01 0.43659770E-03
 -0.51002323E+01 0.62915286E+01 0.50638782E-01 -0.17070262E-01 0.42558768E-03
 -0.50628860E+01 0.68721086E+01 0.51665101E-01 -0.16288255E-01 0.41821179E-03
 -0.50278392E+01 0.74985701E+01 0.43360221E-01 -0.13271831E-01 0.40259797E-03
 -0.49943882E+01 0.80117898E+01 0.40930854E-01 -0.11560671E-01 0.38948260E-03
 -0.49626194E+01 0.84503213E+01 0.43370837E-01 -0.11107723E-01 0.39154979E-03
 -0.49320824E+01 0.88575788E+01 0.43559034E-01 -0.10012129E-01 0.38002985E-03
 -0.49029290E+01 0.92148205E+01 0.47490421E-01 -0.98493526E-02 0.37475951E-03
 -0.48750617E+01 0.96101559E+01 0.47532526E-01 -0.91205289E-02 0.37389071E-03
 -0.48482565E+01 0.10012812E+02 0.44957911E-01 -0.79356939E-02 0.36689258E-03
 -0.48224344E+01 0.10362770E+02 0.45391828E-01 -0.73842625E-02 0.35660829E-03
 -0.47974005E+01 0.10692713E+02 0.46611575E-01 -0.71099093E-02 0.35841218E-03
 -0.47730622E+01 0.10991687E+02 0.47631694E-01 -0.66991572E-02 0.35868734E-03
 -0.47495549E+01 0.11301963E+02 0.47828912E-01 -0.63203265E-02 0.35168364E-03
 -0.47266953E+01 0.11623445E+02 0.46150101E-01 -0.55597808E-02 0.35330932E-03
 -0.47044260E+01 0.11927566E+02 0.44269028E-01 -0.46907606E-02 0.35030585E-03
 -0.46826763E+01 0.12232133E+02 0.40773377E-01 -0.34136258E-02 0.34394113E-03
 -0.46615167E+01 0.12494795E+02 0.41171484E-01 -0.31370235E-02 0.34087078E-03
 -0.46407587E+01 0.12709845E+02 0.44849872E-01 -0.36158215E-02 0.33723247E-03
 -0.46205965E+01 0.12965575E+02 0.44350680E-01 -0.31760995E-02 0.33405575E-03
 -0.46008234E+01 0.13211747E+02 0.43707547E-01 -0.27003795E-02 0.33407110E-03
 -0.45814721E+01 0.13463744E+02 0.42200426E-01 -0.20783730E-02 0.33068419E-03
 -0.45624442E+01 0.13678374E+02 0.42967776E-01 -0.19422383E-02 0.32879130E-03
 -0.45438723E+01 0.13932204E+02 0.40188194E-01 -0.11016231E-02 0.32499812E-03
 -0.45255809E+01 0.14139816E+02 0.40625647E-01 -0.85836586E-03 0.31995413E-03
 -0.45076429E+01 0.14358625E+02 0.40192297E-01 -0.59915275E-03 0.31673437E-03
 -0.44898786E+01 0.14549031E+02 0.40554971E-01 -0.40230248E-03 0.32132785E-03
 -0.44724003E+01 0.14712890E+02 0.43009454E-01 -0.70943900E-03 0.31670279E-03
 -0.44552131E+01 0.14877493E+02 0.44736518E-01 -0.76235575E-03 0.31544967E-03
 -0.44383347E+01 0.15056257E+02 0.45259067E-01 -0.62271322E-03 0.31393222E-03
 -0.44216129E+01 0.15221744E+02 0.46462104E-01 -0.72154653E-03 0.31341979E-03
 -0.44051876E+01 0.15404458E+02 0.46203128E-01 -0.47109095E-03 0.30763494E-03
 -0.43889711E+01 0.15576786E+02 0.45867695E-01 -0.15335108E-03 0.30635046E-03
 -0.43729170E+01 0.15723703E+02 0.47932871E-01 -0.47672794E-03 0.30136447E-03
 -0.43570868E+01 0.15885099E+02 0.48093956E-01 -0.34585023E-03 0.29439815E-03
 -0.43414775E+01 0.16072805E+02 0.45821751E-01 0.26197036E-03 0.29646191E-03
 -0.43260811E+01 0.16253803E+02 0.43655571E-01 0.93973456E-03 0.29291323E-03
 -0.43107507E+01 0.16379023E+02 0.46420183E-01 0.46053047E-03 0.29096012E-03
 -0.42955813E+01 0.16481537E+02 0.50985547E-01 -0.44772768E-03 0.28895329E-03
 -0.42805824E+01 0.16609131E+02 0.52896498E-01 -0.73948202E-03 0.28617335E-03
 -0.42657198E+01 0.16740760E+02 0.53964801E-01 -0.81992308E-03 0.28353741E-03
 -0.42511359E+01 0.16911021E+02 0.52179466E-01 -0.32099758E-03 0.27995181E-03
 -0.42366245E+01 0.17073801E+02 0.50038814E-01 0.27917931E-03 0.27812182E-03
 -0.42222136E+01 0.17217547E+02 0.49636988E-01 0.41120797E-03 0.27602510E-03
 -0.42078747E+01 0.17333583E+02 0.51201679E-01 0.15133424E-03 0.27292099E-03
 -0.41937186E+01 0.17482503E+02 0.49892838E-01 0.50900473E-03 0.27122489E-03
 -0.41797112E+01 0.17629482E+02 0.48615622E-01 0.85526466E-03 0.27121590E-03
 -0.41657671E+01 0.17761557E+02 0.48294434E-01 0.10065105E-02 0.26633872E-03
 -0.41518488E+01 0.17868463E+02 0.49557704E-01 0.83865599E-03 0.26465900E-03
 -0.41381283E+01 0.18021927E+02 0.47292553E-01 0.13715394E-02 0.26325806E-03
 -0.41244944E+01 0.18134608E+02 0.48109176E-01 0.13291315E-02 0.26384411E-03
 -0.41109818E+01 0.18259821E+02 0.48211813E-01 0.13391817E-02 0.25942125E-03
 -0.40975079E+01 0.18357999E+02 0.50829753E-01 0.74534209E-03 0.25816319E-03
 -0.40841606E+01 0.18497122E+02 0.49284772E-01 0.10642191E-02 0.25606754E-03
 -0.40708521E+01 0.18599231E+02 0.50976853E-01 0.68910042E-03 0.25570700E-03
 -0.40576186E+01 0.18716988E+02 0.50618988E-01 0.82098078E-03 0.25540362E-03
 -0.40444047E+01 0.18803288E+02 0.52415092E-01 0.57631076E-03 0.25807370E-03
 -0.40312790E+01 0.18892162E+02 0.54646232E-01 0.10343834E-03 0.25879180E-03
 -0.40182296E+01 0.18996173E+02 0.54709729E-01 0.23029315E-03 0.25948437E-03
 -0.40052527E+01 0.19103244E+02 0.54456782E-01 0.34173847E-03 0.25848253E-03
 -0.39923409E+01 0.19210753E+02 0.54336841E-01 0.39804191E-03 0.25917469E-03
 -0.39795499E+01 0.19335306E+02 0.52989075E-01 0.71787905E-03 0.25416609E-03
 -0.39667530E+01 0.19434221E+02 0.53350916E-01 0.71409991E-03 0.25215097E-03
 -0.39540201E+01 0.19554692E+02 0.51872752E-01 0.10631634E-02 0.25130028E-03
 -0.39413448E+01 0.19650844E+02 0.52142675E-01 0.10809446E-02 0.25248084E-03
 -0.39287338E+01 0.19756660E+02 0.52029142E-01 0.11081847E-02 0.25095982E-03
 -0.39162325E+01 0.19885888E+02 0.49629109E-01 0.16751938E-02 0.25300505E-03
 -0.39036880E+01 0.19992209E+02 0.48815464E-01 0.18686550E-02 0.25281998E-03
 -0.38911264E+01 0.20077054E+02 0.49708537E-01 0.17498825E-02 0.25243200E-03
 -0.38786176E+01 0.20166601E+02 0.50083339E-01 0.16972169E-02 0.25351458E-03
 -0.38661996E+01 0.20275029E+02 0.49137303E-01 0.19120162E-02 0.25290693E-03
 -0.38537331E+01 0.20355436E+02 0.50162168E-01 0.17074069E-02 0.25595389E-03
 -0.38413790E+01 0.20467520E+02 0.48533420E-01 0.20882534E-02 0.25164199E-03
 -0.38290561E+01 0.20562761E+02 0.48466593E-01 0.21145429E-02 0.25194585E-03
 -0.38167915E+01 0.20672974E+02 0.47163320E-01 0.23489136E-02 0.25165901E-03
 -0.38045498E+01 0.20779944E+02 0.45646711E-01 0.27216891E-02 0.25201232E-03
 -0.37922588E+01 0.20869445E+02 0.45889215E-01 0.26574078E-02 0.25035249E-03
 -0.37799914E+01 0.20958751E+02 0.46161884E-01 0.25705334E-02 0.24955713E-03
 -0.37677010E+01 0.21029800E+02 0.47643560E-01 0.22514300E-02 0.25059044E-03
 -0.37553863E+01 0.21104621E+02 0.48002499E-01 0.22319266E-02 0.25559368E-03
 -0.37431181E+01 0.21174434E+02 0.48949179E-01 0.20756422E-02 0.25674009E-03
 -0.37309193E+01 0.21281263E+02 0.47004417E-01 0.25004345E-02 0.25586572E-03
 -0.37186986E+01 0.21361657E+02 0.47382509E-01 0.23645092E-02 0.25887476E-03
 -0.37064446E+01 0.21417424E+02 0.49795311E-01 0.18080118E-02 0.25941578E-03
 -0.36942122E+01 0.21502961E+02 0.48931076E-01 0.20623217E-02 0.26087432E-03
 -0.36820290E+01 0.21601040E+02 0.47709092E-01 0.22901045E-02 0.26022295E-03
 -0.36698375E+01 0.21674888E+02 0.48496670E-01 0.21276368E-02 0.25892513E-03
 -0.36575890E+01 0.21742321E+02 0.49116773E-01 0.20929168E-02 0.25684224E-03
 -0.36453496E+01 0.21797593E+02 0.51092274E-01 0.16947799E-02 0.26008070E-03
 -0.36331598E+01 0.21891400E+02 0.49999648E-01 0.18881387E-02 0.25766170E-03
 -0.36209058E+01 0.21967956E+02 0.50064754E-01 0.18475385E-02 0.26474394E-03
 -0.36086502E+01 0.22021874E+02 0.52697791E-01 0.12002748E-02 0.26682126E-03
 -0.35964637E+01 0.22112384E+02 0.51601596E-01 0.14422533E-02 0.26855779E-03
 -0.35841723E+01 0.22174944E+02 0.52403485E-01 0.12804286E-02 0.26641283E-03
 -0.35719629E+01 0.22267906E+02 0.50939739E-01 0.15855032E-02 0.26846038E-03
 -0.35596724E+01 0.22354953E+02 0.49909112E-01 0.17968334E-02 0.26929138E-03
 -0.35474348E+01 0.22439856E+02 0.49263776E-01 0.18786716E-02 0.27064799E-03
 -0.35351267E+01 0.22532355E+02 0.47802275E-01 0.21603406E-02 0.27231789E-03
 -0.35227904E+01 0.22614536E+02 0.46712243E-01 0.24229492E-02 0.26973779E-03
 -0.35104984E+01 0.22723185E+02 0.43785989E-01 0.30149994E-02 0.26937898E-03
 -0.34980718E+01 0.22776777E+02 0.45350446E-01 0.26728095E-02 0.26802234E-03
 -0.34856645E+01 0.22872839E+02 0.43330055E-01 0.30900459E-02 0.26858743E-03
 -0.34731855E+01 0.22947351E+02 0.42737470E-01 0.32131740E-02 0.27062590E-03
 -0.34606873E+01 0.23035588E+02 0.40595672E-01 0.37445971E-02 0.27182783E-03
 -0.34481849E+01 0.23131395E+02 0.38476490E-01 0.41664186E-02 0.27341110E-03
 -0.34356438E+01 0.23213802E+02 0.37510367E-01 0.43467313E-02 0.27559984E-03
 -0.34230945E+01 0.23304962E+02 0.35521821E-01 0.47863844E-02 0.27448838E-03
 -0.34104292E+01 0.23362924E+02 0.36814217E-01 0.44444026E-02 0.27510578E-03
 -0.33977194E+01 0.23426782E+02 0.37289435E-01 0.42904825E-02 0.27399765E-03
 -0.33849934E+01 0.23504001E+02 0.36289770E-01 0.45042966E-02 0.27453668E-03
 -0.33721967E+01 0.23577107E+02 0.36174833E-01 0.44600416E-02 0.27834745E-03
 -0.33593439E+01 0.23644354E+02 0.36454019E-01 0.43158343E-02 0.27707010E-03
 -0.33463666E+01 0.23688490E+02 0.37706854E-01 0.40856864E-02 0.27743908E-03
 -0.33335192E+01 0.23801553E+02 0.33846349E-01 0.48715294E-02 0.27662649E-03
 -0.33205042E+01 0.23862456E+02 0.34334181E-01 0.47651184E-02 0.27462359E-03
 -0.33074201E+01 0.23937240E+02 0.33508380E-01 0.49075507E-02 0.27608257E-03
 -0.32943009E+01 0.24021778E+02 0.31984234E-01 0.51801452E-02 0.28189362E-03
 -0.32811075E+01 0.24095878E+02 0.31097419E-01 0.53350247E-02 0.28315733E-03
 -0.32678160E+01 0.24168967E+02 0.30404234E-01 0.54563886E-02 0.28335605E-03
 -0.32544690E+01 0.24259670E+02 0.28086113E-01 0.59411676E-02 0.28468912E-03
 -0.32410344E+01 0.24318019E+02 0.28799696E-01 0.56919337E-02 0.28712229E-03
 -0.32274870E+01 0.24370448E+02 0.30319730E-01 0.52366380E-02 0.28672391E-03
 -0.32139284E+01 0.24440664E+02 0.30392095E-01 0.51101312E-02 0.28748401E-03
 -0.32002102E+01 0.24514148E+02 0.29247072E-01 0.53444243E-02 0.28582511E-03
 -0.31864957E+01 0.24609891E+02 0.26176067E-01 0.60103759E-02 0.28321366E-03
 -0.31726111E+01 0.24675439E+02 0.26020939E-01 0.60186004E-02 0.28470570E-03
 -0.31586268E+01 0.24736962E+02 0.26156505E-01 0.59417750E-02 0.28388591E-03
 -0.31445632E+01 0.24807490E+02 0.25512814E-01 0.60466124E-02 0.28431173E-03
 -0.31304029E+01 0.24886604E+02 0.24406251E-01 0.61910007E-02 0.28876702E-03
 -0.31160614E+01 0.24947645E+02 0.24299141E-01 0.61700195E-02 0.28618333E-03
 -0.31016230E+01 0.25022461E+02 0.23332511E-01 0.62853412E-02 0.28477680E-03
 -0.30871012E+01 0.25092249E+02 0.22974723E-01 0.62746077E-02 0.28490697E-03
 -0.30723275E+01 0.25146335E+02 0.22992305E-01 0.62739036E-02 0.28917747E-03
 -0.30575011E+01 0.25204799E+02 0.23579263E-01 0.60287544E-02 0.29082453E-03
 -0.30424759E+01 0.25247435E+02 0.24841596E-01 0.57339087E-02 0.29140144E-03
 -0.30273254E+01 0.25299543E+02 0.25395043E-01 0.55692608E-02 0.29069689E-03
 -0.30120441E+01 0.25353405E+02 0.26249040E-01 0.52843092E-02 0.29384014E-03
 -0.29966453E+01 0.25411644E+02 0.26881178E-01 0.50690104E-02 0.29297175E-03
 -0.29810287E+01 0.25457224E+02 0.28025177E-01 0.47763172E-02 0.29367524E-03
 -0.29652750E+01 0.25534669E+02 0.26451552E-01 0.50840934E-02 0.29686961E-03
 -0.29493090E+01 0.25581644E+02 0.27252280E-01 0.48847961E-02 0.29725774E-03
 -0.29332759E+01 0.25687162E+02 0.23315312E-01 0.57025653E-02 0.29668288E-03
 -0.29170378E+01 0.25790741E+02 0.20331098E-01 0.61718169E-02 0.29937967E-03
 -0.29004629E+01 0.25813037E+02 0.23611638E-01 0.53880609E-02 0.30487052E-03
 -0.28836655E+01 0.25860985E+02 0.24445864E-01 0.51275114E-02 0.31074758E-03
 -0.28666633E+01 0.25919688E+02 0.24639642E-01 0.50074597E-02 0.31451555E-03
 -0.28493700E+01 0.25963975E+02 0.25609791E-01 0.47250228E-02 0.31676212E-03
 -0.28319791E+01 0.26046454E+02 0.24290726E-01 0.48478231E-02 0.31369480E-03
 -0.28141851E+01 0.26101893E+02 0.24042548E-01 0.48819603E-02 0.31841525E-03
 -0.27961231E+01 0.26160357E+02 0.23614978E-01 0.48831985E-02 0.31896943E-03
 -0.27778877E+01 0.26223958E+02 0.23694139E-01 0.47281645E-02 0.32050893E-03
 -0.27592440E+01 0.26275683E+02 0.24343798E-01 0.45137334E-02 0.32327167E-03
 -0.27403691E+01 0.26354786E+02 0.22293819E-01 0.49227492E-02 0.32394197E-03
 -0.27211612E+01 0.26443330E+02 0.19650874E-01 0.53941160E-02 0.32125336E-03
 -0.27014918E+01 0.26483787E+02 0.21221746E-01 0.49662780E-02 0.32545236E-03
 -0.26815361E+01 0.26561800E+02 0.19664240E-01 0.52164144E-02 0.33229750E-03
 -0.26610167E+01 0.26590935E+02 0.21074492E-01 0.50051510E-02 0.33561460E-03
 -0.26401646E+01 0.26655616E+02 0.20368500E-01 0.51060963E-02 0.33707085E-03
 -0.26188662E+01 0.26698922E+02 0.21612053E-01 0.47471930E-02 0.33649458E-03
 -0.25971783E+01 0.26783618E+02 0.20243008E-01 0.48380695E-02 0.33850083E-03
 -0.25750155E+01 0.26876291E+02 0.17516728E-01 0.53260046E-02 0.34466376E-03
 -0.25521762E+01 0.26951187E+02 0.15830526E-01 0.55824975E-02 0.34697377E-03
 -0.25287879E+01 0.27020393E+02 0.14987673E-01 0.56430719E-02 0.35062063E-03
 -0.25048217E+01 0.27142565E+02 0.94535513E-02 0.67478509E-02 0.35143915E-03
 -0.24799688E+01 0.27149503E+02 0.13483385E-01 0.58342325E-02 0.35639773E-03
 -0.24545869E+01 0.27246860E+02 0.10945354E-01 0.61652268E-02 0.35761364E-03
 -0.24281947E+01 0.27250165E+02 0.15628597E-01 0.50058773E-02 0.36355460E-03
 -0.24010508E+01 0.27289315E+02 0.16493861E-01 0.48147245E-02 0.36613886E-03
 -0.23728289E+01 0.27285829E+02 0.21656047E-01 0.35511381E-02 0.36885877E-03
 -0.23436731E+01 0.27337404E+02 0.22520534E-01 0.31735157E-02 0.38348652E-03
 -0.23135000E+01 0.27411529E+02 0.20949903E-01 0.34215297E-02 0.39286796E-03
 -0.22821227E+01 0.27495858E+02 0.18757719E-01 0.37792612E-02 0.40259231E-03
 -0.22493672E+01 0.27561226E+02 0.18640778E-01 0.36214047E-02 0.41400300E-03
 -0.22149237E+01 0.27592260E+02 0.20982581E-01 0.29185478E-02 0.40968482E-03
 -0.21789430E+01 0.27654120E+02 0.21308303E-01 0.26524715E-02 0.41733886E-03
 -0.21409632E+01 0.27712175E+02 0.23596005E-01 0.17069247E-02 0.42869018E-03
 -0.21007939E+01 0.27785001E+02 0.23005485E-01 0.16816064E-02 0.43528184E-03
 -0.20580139E+01 0.27869731E+02 0.20875452E-01 0.20765426E-02 0.44892063E-03
 -0.20123566E+01 0.27964689E+02 0.17846881E-01 0.26130487E-02 0.45562310E-03
 -0.19630849E+01 0.27997604E+02 0.20459041E-01 0.19949676E-02 0.47413796E-03
 -0.19095979E+01 0.28099850E+02 0.17299781E-01 0.24422159E-02 0.49661039E-03
 -0.18508454E+01 0.28130369E+02 0.19360460E-01 0.20051062E-02 0.52814219E-03
 -0.17858832E+01 0.28176607E+02 0.21847358E-01 0.13433540E-02 0.54703420E-03
 -0.17122707E+01 0.28221698E+02 0.24839617E-01 0.43483114E-03 0.57246689E-03
 -0.16278508E+01 0.28418686E+02 0.12363319E-01 0.33786326E-02 0.62056705E-03
 -0.15272211E+01 0.28599945E+02 0.32173280E-02 0.53564940E-02 0.70954136E-03
 -0.14011194E+01 0.28536363E+02 0.72454386E-02 0.54135848E-02 0.78325308E-03
 -0.12317461E+01 0.28697386E+02 -0.33688383E-02 0.90278385E-02 0.92234793E-03
 -0.11889967E+01 0.28797600E+02 -0.13205607E-01 0.11333911E-01 0.94133579E-03
 -0.11418331E+01 0.28834025E+02 -0.15069075E-01 0.11913714E-01 0.99587411E-03
 -0.10893586E+01 0.28895794E+02 -0.18486653E-01 0.12983740E-01 0.10533925E-02
 -0.10293858E+01 0.28952313E+02 -0.21094826E-01 0.13718521E-01 0.11255851E-02
 -0.95948882E+00 0.28865857E+02 -0.14207192E-01 0.12825800E-01 0.12138963E-02
 -0.87522212E+00 0.28595344E+02 0.92880227E-02 0.87408199E-02 0.13494767E-02
 -0.76894495E+00 0.28493217E+02 0.18145443E-01 0.77621128E-02 0.15207189E-02
 -0.62301327E+00 0.27726681E+02 0.71282331E-01 0.60286452E-04 0.18227186E-02
 -0.38423355E+00 0.27366837E+02 0.94559775E-01 -0.24554690E-02 0.23396338E-02
 -0.15906802E+00 0.27042445E+02 0.12609761E+00 -0.61982590E-02 0.30100565E-02
 0.11946275E+00 0.27475033E+02 0.10045156E+00 0.77959815E-02 0.48075571E-02
 0.31681913E+00 0.30331886E+02 -0.10199018E+00 0.53865875E-01 0.64333654E-02
ecmct    11 13  5   45
 -0.72810478E+01 -0.42543871E+02 -0.18788276E+00 -0.20704732E+00 0.53287665E-02
 -0.71215224E+01 -0.38670477E+02 0.38369536E-01 -0.22576107E+00 0.39494946E-02
 -0.69042054E+01 -0.29713031E+02 -0.10092568E+00 -0.14389256E+00 0.30271306E-02
 -0.67262856E+01 -0.24372288E+02 -0.80438152E-01 -0.11563548E+00 0.22099656E-02
 -0.65381929E+01 -0.18669160E+02 -0.10424299E+00 -0.79982105E-01 0.16033605E-02
 -0.64213632E+01 -0.16054561E+02 -0.44425850E-01 -0.78333670E-01 0.13398797E-02
 -0.63363995E+01 -0.13942921E+02 -0.25958989E-01 -0.72046280E-01 0.11295331E-02
 -0.62681428E+01 -0.12239862E+02 -0.23740884E-01 -0.64712778E-01 0.10254593E-02
 -0.62115444E+01 -0.10955639E+02 -0.92001241E-02 -0.61931606E-01 0.94999015E-03
 -0.61621299E+01 -0.99829051E+01 0.12806091E-01 -0.62255459E-01 0.86558279E-03
 -0.61195208E+01 -0.89449236E+01 0.15543216E-01 -0.58696500E-01 0.84347589E-03
 -0.60805763E+01 -0.81193485E+01 0.20688814E-01 -0.56068287E-01 0.83328762E-03
 -0.60454332E+01 -0.73553628E+01 0.25951399E-01 -0.54026870E-01 0.80337527E-03
 -0.59059822E+01 -0.42771832E+01 0.32352330E-01 -0.43686923E-01 0.67671713E-03
 -0.58022270E+01 -0.19655609E+01 0.27838347E-01 -0.35501028E-01 0.61882416E-03
 -0.57181384E+01 -0.28719277E+00 0.34636754E-01 -0.31934428E-01 0.57813177E-03
 -0.56471677E+01 0.11538698E+01 0.32148784E-01 -0.27055833E-01 0.54369156E-03
 -0.55847888E+01 0.21783161E+01 0.44610077E-01 -0.26284774E-01 0.51408081E-03
 -0.55294910E+01 0.31802852E+01 0.45865381E-01 -0.23605683E-01 0.49163110E-03
 -0.54795915E+01 0.40805349E+01 0.44921518E-01 -0.20597130E-01 0.48283785E-03
 -0.54341328E+01 0.49263835E+01 0.44004251E-01 -0.18582628E-01 0.46380139E-03
 -0.53921021E+01 0.57132134E+01 0.38093293E-01 -0.15213934E-01 0.44147916E-03
 -0.53529779E+01 0.63998511E+01 0.39189148E-01 -0.14212616E-01 0.43114520E-03
 -0.53161297E+01 0.70146711E+01 0.39482528E-01 -0.12802469E-01 0.42789625E-03
 -0.52815069E+01 0.76302079E+01 0.35495775E-01 -0.10621571E-01 0.41269963E-03
 -0.52486834E+01 0.81925715E+01 0.33236080E-01 -0.89758783E-02 0.39778175E-03
 -0.52171325E+01 0.86101771E+01 0.40919623E-01 -0.97875244E-02 0.38674937E-03
 -0.51873990E+01 0.90677459E+01 0.43090258E-01 -0.93042315E-02 0.38059994E-03
 -0.51586247E+01 0.94264909E+01 0.49996278E-01 -0.98499092E-02 0.38137295E-03
 -0.51311004E+01 0.98053805E+01 0.53848898E-01 -0.98675735E-02 0.37455048E-03
 -0.51047371E+01 0.10211588E+02 0.53145023E-01 -0.89318692E-02 0.36581739E-03
 -0.50792267E+01 0.10596537E+02 0.53175695E-01 -0.82921799E-02 0.35932522E-03
 -0.50545740E+01 0.10931814E+02 0.55762783E-01 -0.82087592E-02 0.35098549E-03
 -0.50306673E+01 0.11306155E+02 0.53001151E-01 -0.69907280E-02 0.34278991E-03
 -0.50075259E+01 0.11654352E+02 0.51716462E-01 -0.61444741E-02 0.34048976E-03
 -0.49849842E+01 0.11942338E+02 0.54455055E-01 -0.62023735E-02 0.33904687E-03
 -0.49631678E+01 0.12269632E+02 0.53516346E-01 -0.56016623E-02 0.33737389E-03
 -0.49418090E+01 0.12554493E+02 0.54596713E-01 -0.53424203E-02 0.33655584E-03
 -0.49210452E+01 0.12873604E+02 0.52207846E-01 -0.44866395E-02 0.33665573E-03
 -0.49007733E+01 0.13161544E+02 0.51944939E-01 -0.40995821E-02 0.33190049E-03
 -0.48808465E+01 0.13407921E+02 0.53486761E-01 -0.40107318E-02 0.33696936E-03
 -0.48613643E+01 0.13638093E+02 0.56139439E-01 -0.42052727E-02 0.33272114E-03
 -0.48423221E+01 0.13880730E+02 0.57562394E-01 -0.42717028E-02 0.33297042E-03
 -0.48237119E+01 0.14142681E+02 0.56457150E-01 -0.36957981E-02 0.32808963E-03
 -0.48053832E+01 0.14362283E+02 0.58388487E-01 -0.38795755E-02 0.32512953E-03
 -0.47873894E+01 0.14593710E+02 0.58385085E-01 -0.35637530E-02 0.32216102E-03
 -0.47697023E+01 0.14823349E+02 0.57700698E-01 -0.30679327E-02 0.32046089E-03
 -0.47523061E+01 0.15039649E+02 0.58212713E-01 -0.29289393E-02 0.31707309E-03
 -0.47351195E+01 0.15228566E+02 0.59709425E-01 -0.29566900E-02 0.31669165E-03
 -0.47182813E+01 0.15431380E+02 0.60483007E-01 -0.29408939E-02 0.31476213E-03
 -0.47017108E+01 0.15671061E+02 0.56950798E-01 -0.19015829E-02 0.31253299E-03
 -0.46853979E+01 0.15878620E+02 0.56615846E-01 -0.16184799E-02 0.30999562E-03
 -0.46691326E+01 0.16019100E+02 0.60744943E-01 -0.22161995E-02 0.30777555E-03
 -0.46532367E+01 0.16211780E+02 0.61224941E-01 -0.22027143E-02 0.30540729E-03
 -0.46375740E+01 0.16416627E+02 0.59992006E-01 -0.17442048E-02 0.30465133E-03
 -0.46220780E+01 0.16609182E+02 0.59279631E-01 -0.14266033E-02 0.30596172E-03
 -0.46067547E+01 0.16793824E+02 0.59324503E-01 -0.13585882E-02 0.30393017E-03
 -0.45916326E+01 0.16983143E+02 0.57767367E-01 -0.81310618E-03 0.29635440E-03
 -0.45766817E+01 0.17172610E+02 0.56015440E-01 -0.20745153E-03 0.29426114E-03
 -0.45619150E+01 0.17360380E+02 0.54305975E-01 0.33453286E-03 0.29428691E-03
 -0.45472289E+01 0.17520828E+02 0.54831619E-01 0.36003395E-03 0.29374611E-03
 -0.45326755E+01 0.17682348E+02 0.54953611E-01 0.43418613E-03 0.28872153E-03
 -0.45183056E+01 0.17839040E+02 0.55048993E-01 0.60907938E-03 0.28627052E-03
 -0.45040959E+01 0.18006042E+02 0.54084383E-01 0.95432911E-03 0.28404849E-03
 -0.44899918E+01 0.18177693E+02 0.52583071E-01 0.13299630E-02 0.28398791E-03
 -0.44759222E+01 0.18307417E+02 0.54714488E-01 0.93267448E-03 0.28534491E-03
 -0.44620947E+01 0.18483451E+02 0.52357384E-01 0.15184767E-02 0.29103008E-03
 -0.44482846E+01 0.18623647E+02 0.52703282E-01 0.15709376E-02 0.29033922E-03
 -0.44346798E+01 0.18792453E+02 0.51052635E-01 0.20030521E-02 0.28878155E-03
 -0.44211270E+01 0.18940511E+02 0.50558325E-01 0.21950707E-02 0.28538693E-03
 -0.44076672E+01 0.19074073E+02 0.51337719E-01 0.20889871E-02 0.28438394E-03
 -0.43943140E+01 0.19217384E+02 0.50969869E-01 0.22531561E-02 0.28076013E-03
 -0.43810362E+01 0.19368235E+02 0.49326006E-01 0.26998360E-02 0.28130481E-03
 -0.43678559E+01 0.19511987E+02 0.48250250E-01 0.30201796E-02 0.27901962E-03
 -0.43547222E+01 0.19627854E+02 0.49900141E-01 0.27145706E-02 0.28016110E-03
 -0.43416734E+01 0.19747017E+02 0.50832593E-01 0.25909900E-02 0.27915653E-03
 -0.43286691E+01 0.19846976E+02 0.53159843E-01 0.22083095E-02 0.27678061E-03
 -0.43158004E+01 0.19966729E+02 0.54341138E-01 0.19672552E-02 0.27757643E-03
 -0.43030227E+01 0.20092152E+02 0.55116813E-01 0.17375413E-02 0.27764982E-03
 -0.42903076E+01 0.20242600E+02 0.52851690E-01 0.22868431E-02 0.27733957E-03
 -0.42776548E+01 0.20378618E+02 0.51844942E-01 0.25208634E-02 0.27471242E-03
 -0.42650388E+01 0.20510232E+02 0.50910745E-01 0.27407442E-02 0.27564158E-03
 -0.42523922E+01 0.20620201E+02 0.51403522E-01 0.27178685E-02 0.27793799E-03
 -0.42398087E+01 0.20710910E+02 0.53437189E-01 0.23339098E-02 0.27635985E-03
 -0.42273688E+01 0.20837826E+02 0.52823872E-01 0.24839589E-02 0.27545014E-03
 -0.42149974E+01 0.20974248E+02 0.51510264E-01 0.27661315E-02 0.27438483E-03
 -0.42025573E+01 0.21065547E+02 0.53495973E-01 0.23726962E-02 0.27484975E-03
 -0.41902257E+01 0.21192522E+02 0.52153910E-01 0.27219288E-02 0.27628659E-03
 -0.41779504E+01 0.21296305E+02 0.53022931E-01 0.25480478E-02 0.27552994E-03
 -0.41656811E+01 0.21391411E+02 0.54318816E-01 0.23341408E-02 0.27437284E-03
 -0.41534761E+01 0.21497560E+02 0.54860745E-01 0.22200626E-02 0.27381115E-03
 -0.41412196E+01 0.21581176E+02 0.56790408E-01 0.18579741E-02 0.27145607E-03
 -0.41291009E+01 0.21695504E+02 0.56507193E-01 0.19060612E-02 0.27202380E-03
 -0.41169884E+01 0.21800429E+02 0.57253013E-01 0.16709570E-02 0.27106004E-03
 -0.41049056E+01 0.21913915E+02 0.56410154E-01 0.18951358E-02 0.27232325E-03
 -0.40928020E+01 0.22011344E+02 0.56864838E-01 0.18188984E-02 0.27074135E-03
 -0.40807965E+01 0.22119481E+02 0.56927866E-01 0.17689791E-02 0.27060190E-03
 -0.40687299E+01 0.22208429E+02 0.57888232E-01 0.16242725E-02 0.26950747E-03
 -0.40567516E+01 0.22325057E+02 0.56853855E-01 0.18122729E-02 0.26569820E-03
 -0.40447679E+01 0.22432043E+02 0.56595140E-01 0.18152131E-02 0.26854499E-03
 -0.40328482E+01 0.22550107E+02 0.55196884E-01 0.21231773E-02 0.26473184E-03
 -0.40208858E+01 0.22633641E+02 0.56906333E-01 0.17272514E-02 0.26226410E-03
 -0.40089761E+01 0.22743945E+02 0.56275256E-01 0.17953555E-02 0.26419508E-03
 -0.39970791E+01 0.22881660E+02 0.52729299E-01 0.25419658E-02 0.26400703E-03
 -0.39851731E+01 0.22994168E+02 0.51593749E-01 0.27640046E-02 0.26360332E-03
 -0.39731853E+01 0.23078216E+02 0.52368720E-01 0.25951751E-02 0.26449097E-03
 -0.39612981E+01 0.23182899E+02 0.52029164E-01 0.26196855E-02 0.26401362E-03
 -0.39494982E+01 0.23311095E+02 0.49756356E-01 0.30542113E-02 0.26244683E-03
 -0.39375340E+01 0.23404886E+02 0.49549254E-01 0.31136382E-02 0.26526322E-03
 -0.39255773E+01 0.23487806E+02 0.50380582E-01 0.29067131E-02 0.26591395E-03
 -0.39136006E+01 0.23586474E+02 0.49032813E-01 0.33170159E-02 0.26816159E-03
 -0.39016212E+01 0.23665942E+02 0.50362422E-01 0.29849662E-02 0.27162135E-03
 -0.38896763E+01 0.23765972E+02 0.49383796E-01 0.32014921E-02 0.27218770E-03
 -0.38777719E+01 0.23877780E+02 0.47807032E-01 0.35096896E-02 0.27165170E-03
 -0.38657494E+01 0.23950998E+02 0.49113811E-01 0.31983964E-02 0.27331678E-03
 -0.38536916E+01 0.24029394E+02 0.49552122E-01 0.31206908E-02 0.27505989E-03
 -0.38417659E+01 0.24144240E+02 0.47570895E-01 0.35009174E-02 0.27497727E-03
 -0.38297769E+01 0.24239652E+02 0.47107683E-01 0.35669672E-02 0.27192169E-03
 -0.38177829E+01 0.24346937E+02 0.45963948E-01 0.37364196E-02 0.27046721E-03
 -0.38057826E+01 0.24452957E+02 0.44579934E-01 0.39595599E-02 0.26975827E-03
 -0.37936181E+01 0.24528125E+02 0.44846599E-01 0.39619236E-02 0.27126869E-03
 -0.37815501E+01 0.24642282E+02 0.42804363E-01 0.42920901E-02 0.27027570E-03
 -0.37693452E+01 0.24710484E+02 0.43763906E-01 0.41355423E-02 0.26909271E-03
 -0.37571781E+01 0.24797038E+02 0.43480547E-01 0.41793326E-02 0.27139284E-03
 -0.37448932E+01 0.24856330E+02 0.45505341E-01 0.37246656E-02 0.26922846E-03
 -0.37327067E+01 0.24945741E+02 0.45624721E-01 0.35731612E-02 0.26774553E-03
 -0.37204393E+01 0.25033722E+02 0.45128211E-01 0.36750806E-02 0.26771753E-03
 -0.37081121E+01 0.25120313E+02 0.44920055E-01 0.36474063E-02 0.26608142E-03
 -0.36957696E+01 0.25211132E+02 0.44319564E-01 0.37262533E-02 0.27190107E-03
 -0.36833950E+01 0.25304607E+02 0.43583911E-01 0.37993134E-02 0.26979444E-03
 -0.36709697E+01 0.25407170E+02 0.41914312E-01 0.40839761E-02 0.27158004E-03
 -0.36585132E+01 0.25519878E+02 0.39339479E-01 0.46109304E-02 0.27438643E-03
 -0.36459742E+01 0.25615173E+02 0.38038719E-01 0.48642921E-02 0.27831083E-03
 -0.36333478E+01 0.25691105E+02 0.38067973E-01 0.48545103E-02 0.28082957E-03
 -0.36207596E+01 0.25810586E+02 0.34418721E-01 0.56647243E-02 0.28250350E-03
 -0.36079301E+01 0.25865088E+02 0.36249712E-01 0.52550300E-02 0.28094492E-03
 -0.35950585E+01 0.25909867E+02 0.39025469E-01 0.46368290E-02 0.28175342E-03
 -0.35822485E+01 0.26007967E+02 0.37479018E-01 0.49307813E-02 0.28174055E-03
 -0.35693299E+01 0.26087690E+02 0.37437205E-01 0.48741702E-02 0.28266807E-03
 -0.35562699E+01 0.26160816E+02 0.37581914E-01 0.47917647E-02 0.28291869E-03
 -0.35433087E+01 0.26281889E+02 0.34301883E-01 0.53976090E-02 0.28249738E-03
 -0.35301284E+01 0.26358579E+02 0.34230296E-01 0.53655153E-02 0.28319384E-03
 -0.35169240E+01 0.26455355E+02 0.32219516E-01 0.57807968E-02 0.28891492E-03
 -0.35035915E+01 0.26531814E+02 0.32040528E-01 0.57935434E-02 0.28656951E-03
 -0.34902303E+01 0.26622629E+02 0.30829030E-01 0.60021946E-02 0.28672310E-03
 -0.34766994E+01 0.26689018E+02 0.31720995E-01 0.57261488E-02 0.28638145E-03
 -0.34631612E+01 0.26766117E+02 0.32200098E-01 0.55331803E-02 0.29202414E-03
 -0.34495022E+01 0.26856911E+02 0.30831273E-01 0.57904401E-02 0.28819874E-03
 -0.34357692E+01 0.26942731E+02 0.30158508E-01 0.59146807E-02 0.28501147E-03
 -0.34218808E+01 0.27012130E+02 0.30467679E-01 0.58400679E-02 0.28398533E-03
 -0.34079031E+01 0.27090312E+02 0.30474610E-01 0.57607356E-02 0.28432468E-03
 -0.33937101E+01 0.27160520E+02 0.30098970E-01 0.58809278E-02 0.28288857E-03
 -0.33794649E+01 0.27225648E+02 0.31013565E-01 0.56477608E-02 0.28423504E-03
 -0.33651115E+01 0.27298926E+02 0.30965628E-01 0.56178546E-02 0.28797779E-03
 -0.33507004E+01 0.27393055E+02 0.29857298E-01 0.57571664E-02 0.28985744E-03
 -0.33361171E+01 0.27499925E+02 0.27493193E-01 0.61480130E-02 0.29102229E-03
 -0.33214698E+01 0.27618555E+02 0.23884339E-01 0.68618234E-02 0.29389018E-03
 -0.33066115E+01 0.27705712E+02 0.23514893E-01 0.67980263E-02 0.29737707E-03
 -0.32914909E+01 0.27785978E+02 0.22613060E-01 0.69365509E-02 0.29770907E-03
 -0.32763405E+01 0.27884251E+02 0.20840934E-01 0.72459199E-02 0.30197390E-03
 -0.32609170E+01 0.27954094E+02 0.21593456E-01 0.69594146E-02 0.30680424E-03
 -0.32453054E+01 0.28009123E+02 0.23103419E-01 0.65900355E-02 0.31280270E-03
 -0.32295369E+01 0.28089892E+02 0.22627034E-01 0.66253676E-02 0.30946469E-03
 -0.32136012E+01 0.28172364E+02 0.22081902E-01 0.66514490E-02 0.31029813E-03
 -0.31974310E+01 0.28238068E+02 0.22913457E-01 0.63910065E-02 0.31157867E-03
 -0.31811131E+01 0.28318885E+02 0.22835857E-01 0.62685971E-02 0.31113965E-03
 -0.31646155E+01 0.28425354E+02 0.20249460E-01 0.67072102E-02 0.31315255E-03
 -0.31478406E+01 0.28525126E+02 0.18682226E-01 0.68525199E-02 0.31540045E-03
 -0.31308929E+01 0.28655534E+02 0.14252443E-01 0.76743275E-02 0.31345913E-03
 -0.31136249E+01 0.28750026E+02 0.12692680E-01 0.79499182E-02 0.31175614E-03
 -0.30961202E+01 0.28852466E+02 0.10340364E-01 0.84046912E-02 0.31588881E-03
 -0.30781995E+01 0.28919132E+02 0.11068517E-01 0.81196625E-02 0.31895870E-03
 -0.30601043E+01 0.28994722E+02 0.11709352E-01 0.78625792E-02 0.31940067E-03
 -0.30417544E+01 0.29121563E+02 0.80692854E-02 0.84731558E-02 0.31919947E-03
 -0.30230808E+01 0.29239973E+02 0.52396388E-02 0.88724948E-02 0.32272359E-03
 -0.30038285E+01 0.29288951E+02 0.70909296E-02 0.84338391E-02 0.32279258E-03
 -0.29843576E+01 0.29390212E+02 0.59057308E-02 0.84601519E-02 0.32360539E-03
 -0.29644351E+01 0.29494260E+02 0.33100850E-02 0.89486790E-02 0.32811370E-03
 -0.29441310E+01 0.29589122E+02 0.21802904E-02 0.90702322E-02 0.33495913E-03
 -0.29231964E+01 0.29616947E+02 0.58230337E-02 0.82300297E-02 0.33855322E-03
 -0.29020936E+01 0.29700312E+02 0.63966815E-02 0.78967528E-02 0.33958647E-03
 -0.28804118E+01 0.29794932E+02 0.55652424E-02 0.78912189E-02 0.34388042E-03
 -0.28581658E+01 0.29903437E+02 0.23496052E-02 0.85800412E-02 0.34513687E-03
 -0.28354011E+01 0.30011323E+02 -0.29391084E-03 0.90419896E-02 0.35199710E-03
 -0.28118907E+01 0.30067751E+02 0.11238640E-02 0.86572799E-02 0.35365667E-03
 -0.27877570E+01 0.30120628E+02 0.36869716E-02 0.79452713E-02 0.35866960E-03
 -0.27630469E+01 0.30241778E+02 0.84311398E-03 0.83223020E-02 0.36376457E-03
 -0.27375251E+01 0.30379946E+02 -0.41587605E-02 0.93315194E-02 0.35981723E-03
 -0.27110695E+01 0.30466457E+02 -0.48381545E-02 0.94162952E-02 0.35929532E-03
 -0.26835778E+01 0.30509172E+02 -0.20075988E-02 0.87115316E-02 0.36673593E-03
 -0.26551069E+01 0.30592268E+02 -0.30578082E-02 0.89144426E-02 0.37379551E-03
 -0.26254804E+01 0.30627209E+02 0.19784026E-03 0.82572859E-02 0.37737302E-03
 -0.25950327E+01 0.30777580E+02 -0.43062195E-02 0.90196224E-02 0.39441334E-03
 -0.25633035E+01 0.30997065E+02 -0.14456178E-01 0.10915093E-01 0.40834565E-03
 -0.25297923E+01 0.31108807E+02 -0.16381761E-01 0.11114823E-01 0.42481284E-03
 -0.24945874E+01 0.31193891E+02 -0.15388850E-01 0.10617938E-01 0.43159984E-03
 -0.24574173E+01 0.31269174E+02 -0.12781209E-01 0.97292294E-02 0.44114571E-03
 -0.24179233E+01 0.31275268E+02 -0.59410053E-02 0.81693847E-02 0.45873450E-03
 -0.23761309E+01 0.31411941E+02 -0.10049673E-01 0.89173537E-02 0.46471639E-03
 -0.23314434E+01 0.31492117E+02 -0.76095072E-02 0.81093366E-02 0.48172192E-03
 -0.22834501E+01 0.31660239E+02 -0.12534415E-01 0.88622730E-02 0.49176706E-03
 -0.22312287E+01 0.31815275E+02 -0.16640761E-01 0.94008803E-02 0.50457032E-03
 -0.21741271E+01 0.31986271E+02 -0.20996629E-01 0.10063202E-01 0.51066936E-03
 -0.21105079E+01 0.32090141E+02 -0.19764429E-01 0.94921460E-02 0.53997745E-03
 -0.20388951E+01 0.32144857E+02 -0.14659464E-01 0.85232910E-02 0.56027622E-03
 -0.19565888E+01 0.32399946E+02 -0.22304164E-01 0.98438170E-02 0.61755232E-03
 -0.18582204E+01 0.32577695E+02 -0.23079330E-01 0.94186621E-02 0.67649761E-03
 -0.17360266E+01 0.32742056E+02 -0.21516712E-01 0.87065637E-02 0.76990634E-03
 -0.15706240E+01 0.33156608E+02 -0.37784684E-01 0.11200294E-01 0.89738878E-03
 -0.15288067E+01 0.33299886E+02 -0.48570073E-01 0.13775464E-01 0.93980745E-03
 -0.14823000E+01 0.33229520E+02 -0.42155753E-01 0.12835324E-01 0.99872485E-03
 -0.14296362E+01 0.33114490E+02 -0.33792384E-01 0.11490625E-01 0.10627108E-02
 -0.13712964E+01 0.33423949E+02 -0.56268448E-01 0.16236434E-01 0.11115859E-02
 -0.13026105E+01 0.33281837E+02 -0.40430192E-01 0.13329703E-01 0.11706609E-02
 -0.12207006E+01 0.33375091E+02 -0.44328259E-01 0.14838747E-01 0.12680805E-02
 -0.11184432E+01 0.33902680E+02 -0.83580068E-01 0.23878856E-01 0.14143877E-02
 -0.97674596E+00 0.33740564E+02 -0.62135163E-01 0.20354515E-01 0.17227431E-02
 -0.74472901E+00 0.33413087E+02 -0.32060895E-01 0.18076182E-01 0.21942448E-02
 -0.52558740E+00 0.33585001E+02 -0.37927733E-01 0.23125519E-01 0.30365154E-02
 -0.23974074E+00 0.30624098E+02 0.17006287E+00 -0.77539042E-02 0.44611203E-02
 -0.50936735E-01 0.33931405E+02 -0.64328896E-01 0.45273780E-01 0.60614770E-02
ecmctt   11 14  5   45
 -0.74877625E+01 -0.47453524E+02 -0.88167647E-03 -0.26584858E+00 0.58726812E-02
 -0.73359302E+01 -0.40571209E+02 -0.68034644E-01 -0.20621152E+00 0.44823843E-02
 -0.71198526E+01 -0.32370356E+02 -0.81471576E-01 -0.15634170E+00 0.30280826E-02
 -0.69430843E+01 -0.27401304E+02 0.10377927E-01 -0.14193873E+00 0.20771776E-02
 -0.67564422E+01 -0.21827725E+02 0.19955087E-01 -0.11175694E+00 0.15173576E-02
 -0.66428209E+01 -0.17963440E+02 -0.22106664E-01 -0.86372768E-01 0.12937350E-02
 -0.65587327E+01 -0.15704228E+02 -0.87066157E-02 -0.77704457E-01 0.11710291E-02
 -0.64913634E+01 -0.14027175E+02 0.37222258E-03 -0.70851554E-01 0.10736383E-02
 -0.64353962E+01 -0.12493508E+02 0.42977291E-02 -0.65981146E-01 0.10004317E-02
 -0.63867932E+01 -0.11321845E+02 0.15639608E-01 -0.63351031E-01 0.97665218E-03
 -0.63445962E+01 -0.10228292E+02 0.20277123E-01 -0.60377175E-01 0.90979876E-03
 -0.63070027E+01 -0.90652528E+01 0.61754198E-02 -0.53666190E-01 0.86828810E-03
 -0.62721730E+01 -0.83009151E+01 0.18007591E-01 -0.53089892E-01 0.83336188E-03
 -0.61342661E+01 -0.51513444E+01 0.38932820E-01 -0.46171243E-01 0.66664754E-03
 -0.60316937E+01 -0.27812848E+01 0.40305000E-01 -0.38665951E-01 0.60123920E-03
 -0.59490343E+01 -0.81769298E+00 0.29921900E-01 -0.30508823E-01 0.54490391E-03
 -0.58788720E+01 0.58113836E+00 0.43084401E-01 -0.29390803E-01 0.51942646E-03
 -0.58178458E+01 0.18657691E+01 0.45209176E-01 -0.26832048E-01 0.48420410E-03
 -0.57631414E+01 0.28645493E+01 0.51793012E-01 -0.25130220E-01 0.46217891E-03
 -0.57138670E+01 0.38256825E+01 0.52371376E-01 -0.22730285E-01 0.44684093E-03
 -0.56688664E+01 0.46948578E+01 0.52154283E-01 -0.20316402E-01 0.42117168E-03
 -0.56272741E+01 0.54968679E+01 0.50748878E-01 -0.18197087E-01 0.41750890E-03
 -0.55884977E+01 0.62505654E+01 0.47161295E-01 -0.15748687E-01 0.39679480E-03
 -0.55520547E+01 0.68618387E+01 0.52184082E-01 -0.15393530E-01 0.38037794E-03
 -0.55176597E+01 0.74174545E+01 0.57317137E-01 -0.15098234E-01 0.37255006E-03
 -0.54851823E+01 0.79342436E+01 0.62023117E-01 -0.14889132E-01 0.36263884E-03
 -0.54543934E+01 0.84857051E+01 0.61377906E-01 -0.13725713E-01 0.35546799E-03
 -0.54249910E+01 0.89649827E+01 0.63067609E-01 -0.12954162E-01 0.34848477E-03
 -0.53967686E+01 0.94431373E+01 0.62128069E-01 -0.11730782E-01 0.35059468E-03
 -0.53697078E+01 0.99198558E+01 0.60503778E-01 -0.10492257E-01 0.34516782E-03
 -0.53438084E+01 0.10364096E+02 0.61303749E-01 -0.10163986E-01 0.34618187E-03
 -0.53188008E+01 0.10789509E+02 0.60933122E-01 -0.94180754E-02 0.34251537E-03
 -0.52945680E+01 0.11200487E+02 0.59548462E-01 -0.84095375E-02 0.34160629E-03
 -0.52709734E+01 0.11572359E+02 0.59680449E-01 -0.77825981E-02 0.34130927E-03
 -0.52479590E+01 0.11882324E+02 0.63102403E-01 -0.78442013E-02 0.34053511E-03
 -0.52257789E+01 0.12217544E+02 0.65013685E-01 -0.78234267E-02 0.34141116E-03
 -0.52040758E+01 0.12513655E+02 0.68351153E-01 -0.79888100E-02 0.33510543E-03
 -0.51831349E+01 0.12857293E+02 0.66602333E-01 -0.71002069E-02 0.33292536E-03
 -0.51626221E+01 0.13150404E+02 0.67738001E-01 -0.68621927E-02 0.33105309E-03
 -0.51425989E+01 0.13437084E+02 0.68080609E-01 -0.63763508E-02 0.32339518E-03
 -0.51230031E+01 0.13721632E+02 0.68825407E-01 -0.61487735E-02 0.32184254E-03
 -0.51038276E+01 0.13986895E+02 0.70323022E-01 -0.60878525E-02 0.31699576E-03
 -0.50849388E+01 0.14207585E+02 0.74014038E-01 -0.64124015E-02 0.31510832E-03
 -0.50665613E+01 0.14482517E+02 0.73480899E-01 -0.60244118E-02 0.31307589E-03
 -0.50485835E+01 0.14761001E+02 0.72384163E-01 -0.55296897E-02 0.31241235E-03
 -0.50308745E+01 0.15026538E+02 0.70519120E-01 -0.47341123E-02 0.31091214E-03
 -0.50134825E+01 0.15277082E+02 0.70177397E-01 -0.43912471E-02 0.30909193E-03
 -0.49962909E+01 0.15520150E+02 0.69849865E-01 -0.41128098E-02 0.30758766E-03
 -0.49795049E+01 0.15768424E+02 0.68469677E-01 -0.34837444E-02 0.30920416E-03
 -0.49629766E+01 0.16006785E+02 0.67776259E-01 -0.30725125E-02 0.30348068E-03
 -0.49466681E+01 0.16244220E+02 0.65744959E-01 -0.22823849E-02 0.29927535E-03
 -0.49305674E+01 0.16463244E+02 0.65805001E-01 -0.21172996E-02 0.29775422E-03
 -0.49146402E+01 0.16654338E+02 0.67651639E-01 -0.23048274E-02 0.29692878E-03
 -0.48989941E+01 0.16879799E+02 0.65897264E-01 -0.17328435E-02 0.29433581E-03
 -0.48835382E+01 0.17079686E+02 0.66221872E-01 -0.15973221E-02 0.29605728E-03
 -0.48682006E+01 0.17249153E+02 0.68649332E-01 -0.18643393E-02 0.29885626E-03
 -0.48531082E+01 0.17436747E+02 0.69679593E-01 -0.19477463E-02 0.29484406E-03
 -0.48382408E+01 0.17633583E+02 0.69639731E-01 -0.18403063E-02 0.29629902E-03
 -0.48235132E+01 0.17818743E+02 0.70002788E-01 -0.17555877E-02 0.29366466E-03
 -0.48089159E+01 0.17995638E+02 0.70469705E-01 -0.16740377E-02 0.29206487E-03
 -0.47945532E+01 0.18198612E+02 0.68973388E-01 -0.12452351E-02 0.28875232E-03
 -0.47802576E+01 0.18369416E+02 0.69907925E-01 -0.13262531E-02 0.28631965E-03
 -0.47661265E+01 0.18544464E+02 0.70208253E-01 -0.12676326E-02 0.28765124E-03
 -0.47521677E+01 0.18738007E+02 0.68432979E-01 -0.76009061E-03 0.28712862E-03
 -0.47382846E+01 0.18911375E+02 0.68182456E-01 -0.61180470E-03 0.28568857E-03
 -0.47245383E+01 0.19073301E+02 0.69088039E-01 -0.74534108E-03 0.28531933E-03
 -0.47109683E+01 0.19266608E+02 0.66894635E-01 -0.19632800E-03 0.28547930E-03
 -0.46974619E+01 0.19465347E+02 0.63522891E-01 0.63795842E-03 0.28243657E-03
 -0.46840478E+01 0.19631961E+02 0.63207052E-01 0.78566402E-03 0.28030852E-03
 -0.46706720E+01 0.19788199E+02 0.63109995E-01 0.88041497E-03 0.28039441E-03
 -0.46574614E+01 0.19963893E+02 0.61210624E-01 0.14163889E-02 0.27395857E-03
 -0.46443650E+01 0.20126349E+02 0.60566916E-01 0.16152047E-02 0.27921773E-03
 -0.46313408E+01 0.20286473E+02 0.59693124E-01 0.19039723E-02 0.27505074E-03
 -0.46184530E+01 0.20449274E+02 0.58824746E-01 0.21739493E-02 0.27691225E-03
 -0.46055674E+01 0.20600329E+02 0.58518930E-01 0.23011108E-02 0.27920301E-03
 -0.45928472E+01 0.20774564E+02 0.56609485E-01 0.26934113E-02 0.28147487E-03
 -0.45801354E+01 0.20913611E+02 0.57427582E-01 0.24985591E-02 0.28018983E-03
 -0.45675334E+01 0.21066775E+02 0.56860476E-01 0.26482482E-02 0.27862159E-03
 -0.45549611E+01 0.21201786E+02 0.57417511E-01 0.25415343E-02 0.27472534E-03
 -0.45424139E+01 0.21331906E+02 0.57626085E-01 0.26012438E-02 0.27276965E-03
 -0.45299349E+01 0.21456572E+02 0.58569495E-01 0.24773407E-02 0.27292401E-03
 -0.45174702E+01 0.21572586E+02 0.59909104E-01 0.22699028E-02 0.27180606E-03
 -0.45051005E+01 0.21710147E+02 0.59319015E-01 0.24377951E-02 0.27024670E-03
 -0.44928326E+01 0.21862823E+02 0.57621241E-01 0.27979194E-02 0.26961437E-03
 -0.44805734E+01 0.21985676E+02 0.58332632E-01 0.26532850E-02 0.26921120E-03
 -0.44684046E+01 0.22133206E+02 0.57166909E-01 0.28734238E-02 0.27066166E-03
 -0.44563260E+01 0.22280357E+02 0.55867307E-01 0.31398047E-02 0.26848030E-03
 -0.44442764E+01 0.22434242E+02 0.53598389E-01 0.36320648E-02 0.26907362E-03
 -0.44321285E+01 0.22538910E+02 0.54315366E-01 0.36157282E-02 0.27161176E-03
 -0.44201527E+01 0.22672153E+02 0.53735310E-01 0.37377869E-02 0.26904143E-03
 -0.44081806E+01 0.22809931E+02 0.52279436E-01 0.40843248E-02 0.27072998E-03
 -0.43962050E+01 0.22917522E+02 0.53603727E-01 0.38155655E-02 0.26858639E-03
 -0.43842826E+01 0.23054131E+02 0.51928995E-01 0.42244890E-02 0.26833610E-03
 -0.43723633E+01 0.23178431E+02 0.51470246E-01 0.43514618E-02 0.26776952E-03
 -0.43605244E+01 0.23304893E+02 0.51313070E-01 0.43227862E-02 0.26687579E-03
 -0.43486045E+01 0.23407332E+02 0.52327174E-01 0.41247025E-02 0.26630186E-03
 -0.43367851E+01 0.23538545E+02 0.50748669E-01 0.45047801E-02 0.26427471E-03
 -0.43249799E+01 0.23655381E+02 0.50775277E-01 0.44823045E-02 0.26475973E-03
 -0.43132333E+01 0.23788225E+02 0.49366253E-01 0.47546511E-02 0.26554372E-03
 -0.43014621E+01 0.23896888E+02 0.49760461E-01 0.46886497E-02 0.26490795E-03
 -0.42897137E+01 0.24013146E+02 0.49442659E-01 0.47356857E-02 0.26870196E-03
 -0.42779737E+01 0.24126065E+02 0.49607659E-01 0.46692249E-02 0.27189383E-03
 -0.42661873E+01 0.24218105E+02 0.50778293E-01 0.44623811E-02 0.27236346E-03
 -0.42544336E+01 0.24329800E+02 0.50548792E-01 0.45229307E-02 0.26942981E-03
 -0.42427317E+01 0.24454709E+02 0.49016681E-01 0.48356486E-02 0.26790006E-03
 -0.42310850E+01 0.24576415E+02 0.48490456E-01 0.48702667E-02 0.26694198E-03
 -0.42194365E+01 0.24707458E+02 0.46230138E-01 0.53955593E-02 0.26867570E-03
 -0.42077856E+01 0.24822364E+02 0.45809143E-01 0.54906095E-02 0.26538429E-03
 -0.41961259E+01 0.24950094E+02 0.44306878E-01 0.57425632E-02 0.26278268E-03
 -0.41844134E+01 0.25050378E+02 0.44715240E-01 0.56296028E-02 0.26397122E-03
 -0.41727372E+01 0.25165208E+02 0.44141693E-01 0.56673363E-02 0.26660030E-03
 -0.41610632E+01 0.25277004E+02 0.43615974E-01 0.57547188E-02 0.26768474E-03
 -0.41493586E+01 0.25386478E+02 0.43495685E-01 0.57202941E-02 0.26878030E-03
 -0.41375959E+01 0.25491617E+02 0.43034525E-01 0.57890031E-02 0.27063252E-03
 -0.41258337E+01 0.25589214E+02 0.43387073E-01 0.56986839E-02 0.26980079E-03
 -0.41140684E+01 0.25678780E+02 0.44511861E-01 0.54264427E-02 0.26934281E-03
 -0.41022266E+01 0.25767980E+02 0.45567324E-01 0.51568577E-02 0.27259196E-03
 -0.40904580E+01 0.25880868E+02 0.44686328E-01 0.52756122E-02 0.27397297E-03
 -0.40787088E+01 0.25995156E+02 0.43955479E-01 0.53404026E-02 0.26975799E-03
 -0.40669054E+01 0.26124056E+02 0.41395670E-01 0.58662697E-02 0.26986050E-03
 -0.40550833E+01 0.26224387E+02 0.41765694E-01 0.57194962E-02 0.27247788E-03
 -0.40431526E+01 0.26301551E+02 0.43659855E-01 0.52870198E-02 0.27119931E-03
 -0.40312413E+01 0.26412004E+02 0.42869835E-01 0.53733310E-02 0.26980803E-03
 -0.40192755E+01 0.26508063E+02 0.43150864E-01 0.52603075E-02 0.27098451E-03
 -0.40072638E+01 0.26600533E+02 0.43268551E-01 0.52106795E-02 0.27137391E-03
 -0.39953152E+01 0.26705132E+02 0.43068801E-01 0.51545965E-02 0.26755310E-03
 -0.39833260E+01 0.26828549E+02 0.41044294E-01 0.54894958E-02 0.26796259E-03
 -0.39712325E+01 0.26914438E+02 0.41604756E-01 0.53438110E-02 0.26703689E-03
 -0.39592056E+01 0.27028731E+02 0.40540591E-01 0.54701415E-02 0.26451418E-03
 -0.39470117E+01 0.27125730E+02 0.40184559E-01 0.54965234E-02 0.26360509E-03
 -0.39347687E+01 0.27220362E+02 0.40073536E-01 0.54915268E-02 0.26110365E-03
 -0.39225551E+01 0.27318501E+02 0.40032437E-01 0.54216196E-02 0.26190905E-03
 -0.39102545E+01 0.27422792E+02 0.39289670E-01 0.54848170E-02 0.25959906E-03
 -0.38979243E+01 0.27532337E+02 0.38152040E-01 0.56305341E-02 0.25724829E-03
 -0.38855022E+01 0.27623992E+02 0.37913589E-01 0.56516489E-02 0.25769269E-03
 -0.38731054E+01 0.27753890E+02 0.34693774E-01 0.63045788E-02 0.25650664E-03
 -0.38605977E+01 0.27847979E+02 0.34722423E-01 0.62457605E-02 0.25801383E-03
 -0.38480074E+01 0.27940328E+02 0.34878905E-01 0.61513084E-02 0.25616385E-03
 -0.38353394E+01 0.28030540E+02 0.34880245E-01 0.60928069E-02 0.25763450E-03
 -0.38227151E+01 0.28163350E+02 0.32219572E-01 0.64727668E-02 0.25902966E-03
 -0.38098869E+01 0.28259930E+02 0.31523573E-01 0.65665534E-02 0.26066566E-03
 -0.37970829E+01 0.28384807E+02 0.28723349E-01 0.70634597E-02 0.26415760E-03
 -0.37841401E+01 0.28489865E+02 0.27199169E-01 0.73552209E-02 0.26668199E-03
 -0.37711783E+01 0.28615726E+02 0.24395346E-01 0.78844770E-02 0.26700196E-03
 -0.37581451E+01 0.28731264E+02 0.22515306E-01 0.81940631E-02 0.26681035E-03
 -0.37449637E+01 0.28829923E+02 0.21777306E-01 0.82780994E-02 0.27001310E-03
 -0.37317054E+01 0.28943427E+02 0.19799942E-01 0.86226323E-02 0.27096534E-03
 -0.37183515E+01 0.29057155E+02 0.17591513E-01 0.90273621E-02 0.27513340E-03
 -0.37048307E+01 0.29143490E+02 0.17574551E-01 0.89963011E-02 0.27475716E-03
 -0.36912377E+01 0.29255728E+02 0.15110872E-01 0.94971336E-02 0.27587060E-03
 -0.36775351E+01 0.29341262E+02 0.15490069E-01 0.93839179E-02 0.27285969E-03
 -0.36637014E+01 0.29424356E+02 0.15875345E-01 0.92494022E-02 0.27516242E-03
 -0.36497586E+01 0.29518629E+02 0.15447742E-01 0.92557301E-02 0.27475291E-03
 -0.36356747E+01 0.29606938E+02 0.15218754E-01 0.92630535E-02 0.27778640E-03
 -0.36214467E+01 0.29702073E+02 0.14804839E-01 0.92260781E-02 0.27775815E-03
 -0.36070742E+01 0.29781083E+02 0.15548826E-01 0.90044133E-02 0.28539726E-03
 -0.35926531E+01 0.29876709E+02 0.14853905E-01 0.91092129E-02 0.28806652E-03
 -0.35781162E+01 0.29977795E+02 0.14399364E-01 0.90796409E-02 0.29240488E-03
 -0.35632847E+01 0.30062378E+02 0.14101377E-01 0.91286303E-02 0.29124735E-03
 -0.35483128E+01 0.30139875E+02 0.15140923E-01 0.87927263E-02 0.29238815E-03
 -0.35332315E+01 0.30236278E+02 0.14132766E-01 0.89662238E-02 0.29352238E-03
 -0.35179871E+01 0.30323103E+02 0.14605353E-01 0.87761020E-02 0.29695474E-03
 -0.35025100E+01 0.30406411E+02 0.14235552E-01 0.88700819E-02 0.29624691E-03
 -0.34868532E+01 0.30474905E+02 0.15748663E-01 0.84927201E-02 0.29810423E-03
 -0.34710606E+01 0.30573828E+02 0.14891655E-01 0.86192396E-02 0.29939878E-03
 -0.34549569E+01 0.30620773E+02 0.18605972E-01 0.77518449E-02 0.30035227E-03
 -0.34388053E+01 0.30731939E+02 0.17160094E-01 0.79602136E-02 0.30203304E-03
 -0.34223525E+01 0.30828032E+02 0.17134563E-01 0.78299120E-02 0.30202306E-03
 -0.34056815E+01 0.30941229E+02 0.15521154E-01 0.80580835E-02 0.30506196E-03
 -0.33888057E+01 0.31041352E+02 0.15378538E-01 0.79367782E-02 0.30997247E-03
 -0.33716437E+01 0.31151564E+02 0.13959700E-01 0.81070300E-02 0.31185839E-03
 -0.33541831E+01 0.31260158E+02 0.12585327E-01 0.82545999E-02 0.31159433E-03
 -0.33364046E+01 0.31371286E+02 0.11029128E-01 0.84750398E-02 0.31503245E-03
 -0.33183101E+01 0.31478105E+02 0.99788066E-02 0.85394779E-02 0.31739042E-03
 -0.32997970E+01 0.31552275E+02 0.11320323E-01 0.81591721E-02 0.32199303E-03
 -0.32810923E+01 0.31660812E+02 0.99844448E-02 0.83384625E-02 0.32506741E-03
 -0.32620198E+01 0.31768747E+02 0.91012176E-02 0.84028131E-02 0.32382800E-03
 -0.32424803E+01 0.31853687E+02 0.94147863E-02 0.83120338E-02 0.32868763E-03
 -0.32226400E+01 0.31982208E+02 0.73175789E-02 0.85187860E-02 0.33094881E-03
 -0.32024580E+01 0.32115469E+02 0.54293625E-02 0.86792085E-02 0.33465021E-03
 -0.31817762E+01 0.32235209E+02 0.35318133E-02 0.89827919E-02 0.33555224E-03
 -0.31604837E+01 0.32346067E+02 0.23231132E-02 0.90741266E-02 0.33841953E-03
 -0.31387030E+01 0.32448277E+02 0.22005809E-02 0.89060288E-02 0.33632655E-03
 -0.31163161E+01 0.32549959E+02 0.19488511E-02 0.87709241E-02 0.33573259E-03
 -0.30934419E+01 0.32685165E+02 -0.70052835E-03 0.91457547E-02 0.34624341E-03
 -0.30698187E+01 0.32790859E+02 -0.11328460E-02 0.91540899E-02 0.35209688E-03
 -0.30456048E+01 0.32919175E+02 -0.27602861E-02 0.93083451E-02 0.35614029E-03
 -0.30205749E+01 0.33040618E+02 -0.42016234E-02 0.94695614E-02 0.36083693E-03
 -0.29948286E+01 0.33192620E+02 -0.77258770E-02 0.10008936E-01 0.36511804E-03
 -0.29681115E+01 0.33353312E+02 -0.12372918E-01 0.10791528E-01 0.36132946E-03
 -0.29403104E+01 0.33452918E+02 -0.11128964E-01 0.10295130E-01 0.36781064E-03
 -0.29117560E+01 0.33649055E+02 -0.17741445E-01 0.11498506E-01 0.37392320E-03
 -0.28817352E+01 0.33769012E+02 -0.18386495E-01 0.11487761E-01 0.37895416E-03
 -0.28504744E+01 0.33909778E+02 -0.20616203E-01 0.11777341E-01 0.38278698E-03
 -0.28178815E+01 0.34103863E+02 -0.26591952E-01 0.12773304E-01 0.39318276E-03
 -0.27835168E+01 0.34239270E+02 -0.27493489E-01 0.12754206E-01 0.40403756E-03
 -0.27472742E+01 0.34381581E+02 -0.28771334E-01 0.12818413E-01 0.41262560E-03
 -0.27087555E+01 0.34500920E+02 -0.29970478E-01 0.13047585E-01 0.42876821E-03
 -0.26680950E+01 0.34660350E+02 -0.30657536E-01 0.12739890E-01 0.44912651E-03
 -0.26242485E+01 0.34780063E+02 -0.30435638E-01 0.12449365E-01 0.45334659E-03
 -0.25772868E+01 0.34969089E+02 -0.34080891E-01 0.12863507E-01 0.47216315E-03
 -0.25259598E+01 0.35061569E+02 -0.30622830E-01 0.12063868E-01 0.48361533E-03
 -0.24699398E+01 0.35227709E+02 -0.31507446E-01 0.11968360E-01 0.49785123E-03
 -0.24073377E+01 0.35348540E+02 -0.29954733E-01 0.11463237E-01 0.52584976E-03
 -0.23367925E+01 0.35429670E+02 -0.23134725E-01 0.98528397E-02 0.54615489E-03
 -0.22555114E+01 0.35570675E+02 -0.18415831E-01 0.84167178E-02 0.57948270E-03
 -0.21591174E+01 0.35868265E+02 -0.25331754E-01 0.92981870E-02 0.62066628E-03
 -0.20384063E+01 0.36004512E+02 -0.21523430E-01 0.88474667E-02 0.74748092E-03
 -0.18758305E+01 0.36364624E+02 -0.28841089E-01 0.10134788E-01 0.87149389E-03
 -0.18350504E+01 0.36468114E+02 -0.33201362E-01 0.11179450E-01 0.90591831E-03
 -0.17898655E+01 0.36621268E+02 -0.40650648E-01 0.12721681E-01 0.94409193E-03
 -0.17398323E+01 0.36863809E+02 -0.50168463E-01 0.14243247E-01 0.10191329E-02
 -0.16827204E+01 0.37077334E+02 -0.59179368E-01 0.15848605E-01 0.11184648E-02
 -0.16153655E+01 0.37117786E+02 -0.58524424E-01 0.16139527E-01 0.11886437E-02
 -0.15347556E+01 0.37255972E+02 -0.66841709E-01 0.18510416E-01 0.12734095E-02
 -0.14324621E+01 0.37066687E+02 -0.43618152E-01 0.13882824E-01 0.14535872E-02
 -0.12930872E+01 0.36945227E+02 -0.24638849E-01 0.11326740E-01 0.16657782E-02
 -0.10685925E+01 0.37452610E+02 -0.26489789E-01 0.11765822E-01 0.22744198E-02
 -0.85459978E+00 0.37945767E+02 -0.39931934E-01 0.17183924E-01 0.31335801E-02
 -0.57967544E+00 0.36685671E+02 0.75893613E-01 0.78922393E-03 0.47037167E-02
 -0.37943614E+00 0.35785470E+02 0.10920092E+00 0.56619059E-02 0.62268471E-02
