Copyright (c) James G. MacKinnon, 1999
ecmnc     0  0  6   20
 -0.38836757E+01 -0.12113433E+02 -0.10520998E-01 0.36431605E-02
 -0.37117337E+01 -0.10297658E+02 -0.11186305E-01 0.25067018E-02
 -0.34756982E+01 -0.78528338E+01 -0.10828868E-01 0.17689318E-02
 -0.32861458E+01 -0.62926201E+01 -0.75179809E-02 0.12370984E-02
 -0.30832846E+01 -0.51203234E+01 -0.59786342E-03 0.93771226E-03
 -0.29606976E+01 -0.42495588E+01 -0.22553370E-02 0.77858226E-03
 -0.28699336E+01 -0.37525498E+01 -0.16914197E-02 0.73184693E-03
 -0.27984456E+01 -0.33709840E+01 -0.14008741E-02 0.67433388E-03
 -0.27391422E+01 -0.30181632E+01 -0.27052486E-02 0.62369759E-03
 -0.26878567E+01 -0.27804844E+01 -0.21403054E-02 0.58193842E-03
 -0.26430647E+01 -0.25173106E+01 -0.29088488E-02 0.56821613E-03
 -0.26025220E+01 -0.23520464E+01 -0.25098507E-02 0.54075572E-03
 -0.25657590E+01 -0.22276500E+01 -0.16930742E-02 0.51882291E-03
 -0.24208538E+01 -0.16409372E+01 -0.18307335E-02 0.44985171E-03
 -0.23132288E+01 -0.13198433E+01 -0.66117806E-03 0.39447116E-03
 -0.22272192E+01 -0.10611224E+01 -0.31401665E-03 0.35220755E-03
 -0.21547920E+01 -0.85726043E+00 -0.21377528E-03 0.32250733E-03
 -0.20919925E+01 -0.69609105E+00 0.20420721E-04 0.30749367E-03
 -0.20364598E+01 -0.54818134E+00 -0.17960880E-03 0.28452499E-03
 -0.19863780E+01 -0.43041500E+00 -0.29495244E-03 0.27226521E-03
 -0.19408527E+01 -0.32393710E+00 -0.57584200E-03 0.26057763E-03
 -0.18988182E+01 -0.24503661E+00 -0.47453060E-03 0.25213256E-03
 -0.18597826E+01 -0.16810793E+00 -0.49893210E-03 0.24822760E-03
 -0.18232702E+01 -0.10637479E+00 -0.42645980E-03 0.24101124E-03
 -0.17890930E+01 -0.46334543E-01 -0.43222978E-03 0.23502735E-03
 -0.17568387E+01 0.20516165E-01 -0.72541810E-03 0.23027326E-03
 -0.17261187E+01 0.73920261E-01 -0.99579511E-03 0.22440325E-03
 -0.16970059E+01 0.12940250E+00 -0.12426942E-02 0.21382022E-03
 -0.16690992E+01 0.16572238E+00 -0.12099158E-02 0.21242529E-03
 -0.16424182E+01 0.20384745E+00 -0.12579174E-02 0.20732679E-03
 -0.16167707E+01 0.24141161E+00 -0.14275244E-02 0.20520742E-03
 -0.15920517E+01 0.26743201E+00 -0.13695674E-02 0.20364368E-03
 -0.15682463E+01 0.29971985E+00 -0.14901819E-02 0.20094603E-03
 -0.15452442E+01 0.32111357E+00 -0.13866935E-02 0.19692093E-03
 -0.15230034E+01 0.34785134E+00 -0.14354689E-02 0.19528326E-03
 -0.15014253E+01 0.36831092E+00 -0.13998691E-02 0.19325684E-03
 -0.14804278E+01 0.38130224E+00 -0.12887804E-02 0.19382216E-03
 -0.14601189E+01 0.40553252E+00 -0.13952574E-02 0.19007146E-03
 -0.14403269E+01 0.42276627E+00 -0.14450517E-02 0.18991307E-03
 -0.14210206E+01 0.44164217E+00 -0.15320351E-02 0.18653079E-03
 -0.14021663E+01 0.45399870E+00 -0.14903602E-02 0.18513630E-03
 -0.13837393E+01 0.46559049E+00 -0.14608321E-02 0.18249625E-03
 -0.13657566E+01 0.48017377E+00 -0.15075594E-02 0.18112140E-03
 -0.13481303E+01 0.48745686E+00 -0.14132568E-02 0.18218435E-03
 -0.13308511E+01 0.49564123E+00 -0.13781897E-02 0.18361337E-03
 -0.13140011E+01 0.51384398E+00 -0.15063489E-02 0.18031297E-03
 -0.12973961E+01 0.52282067E+00 -0.15153760E-02 0.17803029E-03
 -0.12811540E+01 0.53487856E+00 -0.15169461E-02 0.17672640E-03
 -0.12651903E+01 0.54827201E+00 -0.16183337E-02 0.17490609E-03
 -0.12494866E+01 0.55831800E+00 -0.16824501E-02 0.17295253E-03
 -0.12340430E+01 0.56646351E+00 -0.16996567E-02 0.17250180E-03
 -0.12187993E+01 0.56926939E+00 -0.16445420E-02 0.17014956E-03
 -0.12038561E+01 0.57635027E+00 -0.16508554E-02 0.16905169E-03
 -0.11891283E+01 0.58589150E+00 -0.17446369E-02 0.16860913E-03
 -0.11746301E+01 0.59590741E+00 -0.18233310E-02 0.16894612E-03
 -0.11602863E+01 0.59931824E+00 -0.17651892E-02 0.16680596E-03
 -0.11461232E+01 0.60219351E+00 -0.17405439E-02 0.16511462E-03
 -0.11321428E+01 0.60864322E+00 -0.17825117E-02 0.16468236E-03
 -0.11183208E+01 0.61042275E+00 -0.17487027E-02 0.16484399E-03
 -0.11047169E+01 0.61549598E+00 -0.17453036E-02 0.16360913E-03
 -0.10912789E+01 0.62285679E+00 -0.18449937E-02 0.16193333E-03
 -0.10779719E+01 0.62696115E+00 -0.18455545E-02 0.16118353E-03
 -0.10647932E+01 0.62940841E+00 -0.18274897E-02 0.16023770E-03
 -0.10517418E+01 0.63154884E+00 -0.18307869E-02 0.15917487E-03
 -0.10388171E+01 0.63248227E+00 -0.17861781E-02 0.15825614E-03
 -0.10259974E+01 0.63247587E+00 -0.17671702E-02 0.15909972E-03
 -0.10133744E+01 0.63723581E+00 -0.18088804E-02 0.15964240E-03
 -0.10008095E+01 0.63907436E+00 -0.18067125E-02 0.15865404E-03
 -0.98832986E+00 0.63626390E+00 -0.17121915E-02 0.15675100E-03
 -0.97597252E+00 0.63505244E+00 -0.16424200E-02 0.15749698E-03
 -0.96366645E+00 0.63219684E+00 -0.15625228E-02 0.15674123E-03
 -0.95151977E+00 0.63749660E+00 -0.16496807E-02 0.15507436E-03
 -0.93939792E+00 0.63538591E+00 -0.16128183E-02 0.15330588E-03
 -0.92744461E+00 0.64291086E+00 -0.17468024E-02 0.15253318E-03
 -0.91552767E+00 0.64428149E+00 -0.17787916E-02 0.15308104E-03
 -0.90369574E+00 0.64666969E+00 -0.18244321E-02 0.15173098E-03
 -0.89189782E+00 0.64596822E+00 -0.18061904E-02 0.15347440E-03
 -0.88014957E+00 0.64334354E+00 -0.17456151E-02 0.15162563E-03
 -0.86851742E+00 0.64797952E+00 -0.18371322E-02 0.14983961E-03
 -0.85689973E+00 0.64830408E+00 -0.18333115E-02 0.14974213E-03
 -0.84537375E+00 0.65120141E+00 -0.18680281E-02 0.14911960E-03
 -0.83391375E+00 0.65543422E+00 -0.19211523E-02 0.14991975E-03
 -0.82240647E+00 0.65323042E+00 -0.18807625E-02 0.15083029E-03
 -0.81093748E+00 0.65052478E+00 -0.18688656E-02 0.15175489E-03
 -0.79955245E+00 0.64967677E+00 -0.18426202E-02 0.15115602E-03
 -0.78816156E+00 0.64510525E+00 -0.17410022E-02 0.15149217E-03
 -0.77681539E+00 0.64529989E+00 -0.17623677E-02 0.15130953E-03
 -0.76550183E+00 0.64696739E+00 -0.17903415E-02 0.15216553E-03
 -0.75416890E+00 0.64438964E+00 -0.17463471E-02 0.15360853E-03
 -0.74285396E+00 0.64604696E+00 -0.17874903E-02 0.15265205E-03
 -0.73159809E+00 0.64784220E+00 -0.18391733E-02 0.15325676E-03
 -0.72031884E+00 0.64951113E+00 -0.18639860E-02 0.15235851E-03
 -0.70897001E+00 0.64220544E+00 -0.17303525E-02 0.15187690E-03
 -0.69767037E+00 0.64052952E+00 -0.16854202E-02 0.15312271E-03
 -0.68630779E+00 0.63497777E+00 -0.15650078E-02 0.15382828E-03
 -0.67493869E+00 0.63168956E+00 -0.15093228E-02 0.15359543E-03
 -0.66359554E+00 0.63277125E+00 -0.15258174E-02 0.15463023E-03
 -0.65220521E+00 0.63242955E+00 -0.15017841E-02 0.15602777E-03
 -0.64079979E+00 0.63194834E+00 -0.14254488E-02 0.15816615E-03
 -0.62939469E+00 0.63779224E+00 -0.15045770E-02 0.15843991E-03
 -0.61793777E+00 0.63969798E+00 -0.15077348E-02 0.15931043E-03
 -0.60641711E+00 0.64183675E+00 -0.15076992E-02 0.16036395E-03
 -0.59482937E+00 0.64299424E+00 -0.14448719E-02 0.16215444E-03
 -0.58322922E+00 0.64561658E+00 -0.14218950E-02 0.16605998E-03
 -0.57157843E+00 0.64931013E+00 -0.13973399E-02 0.16707425E-03
 -0.55984957E+00 0.65189200E+00 -0.13447016E-02 0.16715491E-03
 -0.54803999E+00 0.65490799E+00 -0.13111842E-02 0.16902844E-03
 -0.53615549E+00 0.65855525E+00 -0.12700583E-02 0.16946079E-03
 -0.52420774E+00 0.66490800E+00 -0.12911103E-02 0.17090907E-03
 -0.51217102E+00 0.66722285E+00 -0.12256967E-02 0.17299907E-03
 -0.50002840E+00 0.66875353E+00 -0.11092735E-02 0.17406412E-03
 -0.48783414E+00 0.67220370E+00 -0.10526493E-02 0.17728026E-03
 -0.47556343E+00 0.67804639E+00 -0.10645588E-02 0.17759476E-03
 -0.46324536E+00 0.68911860E+00 -0.11666095E-02 0.17815914E-03
 -0.45077360E+00 0.69132260E+00 -0.11043851E-02 0.17926069E-03
 -0.43826723E+00 0.69713655E+00 -0.10794806E-02 0.18077481E-03
 -0.42564039E+00 0.70155386E+00 -0.10656997E-02 0.18418821E-03
 -0.41291746E+00 0.70731456E+00 -0.10974256E-02 0.18730735E-03
 -0.40007994E+00 0.71002791E+00 -0.10777612E-02 0.18859202E-03
 -0.38717165E+00 0.70881986E+00 -0.97873254E-03 0.18864197E-03
 -0.37418131E+00 0.71303021E+00 -0.10179529E-02 0.18721171E-03
 -0.36109750E+00 0.71701659E+00 -0.10642024E-02 0.18696318E-03
 -0.34797946E+00 0.72213072E+00 -0.11496444E-02 0.18621997E-03
 -0.33475582E+00 0.72354208E+00 -0.11674094E-02 0.18650543E-03
 -0.32144775E+00 0.72334884E+00 -0.11168142E-02 0.18874070E-03
 -0.30808798E+00 0.72616056E+00 -0.11482294E-02 0.19148149E-03
 -0.29465989E+00 0.73053433E+00 -0.12086597E-02 0.19130843E-03
 -0.28114492E+00 0.73133358E+00 -0.11660269E-02 0.19137921E-03
 -0.26750667E+00 0.72993467E+00 -0.11331285E-02 0.19256695E-03
 -0.25382049E+00 0.72892556E+00 -0.11011634E-02 0.19508912E-03
 -0.24007150E+00 0.73043384E+00 -0.10815036E-02 0.19839106E-03
 -0.22626083E+00 0.72930134E+00 -0.10418292E-02 0.19853426E-03
 -0.21236660E+00 0.73553668E+00 -0.11944544E-02 0.20014452E-03
 -0.19834352E+00 0.73584585E+00 -0.12198121E-02 0.19922834E-03
 -0.18428438E+00 0.73996130E+00 -0.12710544E-02 0.19977136E-03
 -0.17010147E+00 0.73681639E+00 -0.11931874E-02 0.20053339E-03
 -0.15581149E+00 0.73276994E+00 -0.11040608E-02 0.20115865E-03
 -0.14151477E+00 0.73954736E+00 -0.12371939E-02 0.20070966E-03
 -0.12711617E+00 0.74328299E+00 -0.12863345E-02 0.20012010E-03
 -0.11260006E+00 0.74178322E+00 -0.12619200E-02 0.20110349E-03
 -0.97948710E-01 0.73748699E+00 -0.11662868E-02 0.19983198E-03
 -0.83290136E-01 0.74005902E+00 -0.11777057E-02 0.19981723E-03
 -0.68478043E-01 0.73629152E+00 -0.10914083E-02 0.19890983E-03
 -0.53586931E-01 0.73864314E+00 -0.11366665E-02 0.20039860E-03
 -0.38523651E-01 0.73742839E+00 -0.11168002E-02 0.20038212E-03
 -0.23461438E-01 0.74277859E+00 -0.12162641E-02 0.20092895E-03
 -0.82655102E-02 0.74626428E+00 -0.12942534E-02 0.20273398E-03
 0.71340326E-02 0.74227767E+00 -0.12274812E-02 0.20403486E-03
 0.22567309E-01 0.74747714E+00 -0.13262298E-02 0.20592509E-03
 0.38213943E-01 0.74397552E+00 -0.13038910E-02 0.20810054E-03
 0.53947019E-01 0.74288969E+00 -0.12741071E-02 0.21185719E-03
 0.69781789E-01 0.74594906E+00 -0.13268117E-02 0.21281788E-03
 0.85783331E-01 0.74356921E+00 -0.13031854E-02 0.21472716E-03
 0.10189332E+00 0.74054006E+00 -0.12387552E-02 0.21413594E-03
 0.11813070E+00 0.74268392E+00 -0.13000787E-02 0.21256310E-03
 0.13456047E+00 0.73783385E+00 -0.11827017E-02 0.21525617E-03
 0.15114695E+00 0.73802865E+00 -0.11661407E-02 0.21518171E-03
 0.16786810E+00 0.74249927E+00 -0.12315259E-02 0.21734780E-03
 0.18478264E+00 0.74009475E+00 -0.11997756E-02 0.21708497E-03
 0.20190645E+00 0.73343767E+00 -0.10695803E-02 0.21716947E-03
 0.21924385E+00 0.72859252E+00 -0.97150805E-03 0.21727314E-03
 0.23678652E+00 0.72153620E+00 -0.87870327E-03 0.21671055E-03
 0.25445335E+00 0.72139451E+00 -0.87550446E-03 0.21539024E-03
 0.27228595E+00 0.72375133E+00 -0.88099139E-03 0.21837167E-03
 0.29033829E+00 0.72458502E+00 -0.88748943E-03 0.21708390E-03
 0.30860062E+00 0.72843936E+00 -0.93458805E-03 0.21962568E-03
 0.32710125E+00 0.72979115E+00 -0.87771307E-03 0.22160321E-03
 0.34590879E+00 0.72798349E+00 -0.80563523E-03 0.22365505E-03
 0.36489062E+00 0.72904812E+00 -0.76595068E-03 0.22452963E-03
 0.38413689E+00 0.73693166E+00 -0.87514307E-03 0.22600463E-03
 0.40369461E+00 0.73699827E+00 -0.80681137E-03 0.22704069E-03
 0.42356662E+00 0.73759200E+00 -0.74173365E-03 0.22931012E-03
 0.44374856E+00 0.74081807E+00 -0.76684561E-03 0.23012377E-03
 0.46422822E+00 0.75057548E+00 -0.88961085E-03 0.22898212E-03
 0.48507126E+00 0.75743337E+00 -0.98286776E-03 0.22764476E-03
 0.50625339E+00 0.76459242E+00 -0.10777268E-02 0.23065129E-03
 0.52775404E+00 0.77502119E+00 -0.11485034E-02 0.23396130E-03
 0.54969973E+00 0.78611702E+00 -0.12623147E-02 0.23416472E-03
 0.57206149E+00 0.79426190E+00 -0.13316390E-02 0.23438914E-03
 0.59485476E+00 0.81143781E+00 -0.15214453E-02 0.23836694E-03
 0.61825589E+00 0.81847282E+00 -0.15207211E-02 0.23544370E-03
 0.64214398E+00 0.82455718E+00 -0.14748101E-02 0.24027347E-03
 0.66659468E+00 0.82925769E+00 -0.13646260E-02 0.23951156E-03
 0.69154199E+00 0.84623814E+00 -0.15049629E-02 0.24344395E-03
 0.71712164E+00 0.85998907E+00 -0.15762025E-02 0.24730176E-03
 0.74334458E+00 0.87845429E+00 -0.16615603E-02 0.24898287E-03
 0.77034523E+00 0.88844840E+00 -0.15563342E-02 0.24972320E-03
 0.79818728E+00 0.89663815E+00 -0.13977222E-02 0.25440857E-03
 0.82677904E+00 0.92010273E+00 -0.15248130E-02 0.25739032E-03
 0.85642231E+00 0.93209568E+00 -0.14346009E-02 0.26027036E-03
 0.88701866E+00 0.94600216E+00 -0.13066492E-02 0.26055854E-03
 0.91876699E+00 0.97177439E+00 -0.14197803E-02 0.26399569E-03
 0.95180731E+00 0.98794760E+00 -0.12832689E-02 0.27405998E-03
 0.98616997E+00 0.10137224E+01 -0.12134272E-02 0.27861246E-03
 0.10220438E+01 0.10421333E+01 -0.11784802E-02 0.28617577E-03
 0.10595941E+01 0.10742796E+01 -0.10643509E-02 0.29074188E-03
 0.10990175E+01 0.11102722E+01 -0.10153688E-02 0.30105201E-03
 0.11406665E+01 0.11515721E+01 -0.96875651E-03 0.30217385E-03
 0.11848390E+01 0.12017671E+01 -0.90080002E-03 0.31058146E-03
 0.12320436E+01 0.12428824E+01 -0.56600433E-03 0.31768155E-03
 0.12826194E+01 0.13051184E+01 -0.47984998E-03 0.33552109E-03
 0.13374271E+01 0.13588241E+01 0.18495704E-04 0.34607378E-03
 0.13971969E+01 0.14456146E+01 0.68941790E-04 0.36242825E-03
 0.14630471E+01 0.15682552E+01 -0.48704917E-04 0.36582351E-03
 0.15373138E+01 0.16886595E+01 0.39706742E-03 0.38864103E-03
 0.16224128E+01 0.18621651E+01 0.21715800E-03 0.42602823E-03
 0.17230324E+01 0.20799780E+01 0.43453373E-03 0.46555432E-03
 0.18473803E+01 0.23774791E+01 0.10020612E-02 0.49764398E-03
 0.20141637E+01 0.28226502E+01 0.26038522E-02 0.55827125E-03
 0.20559463E+01 0.29738378E+01 0.24635668E-02 0.58926745E-03
 0.21016783E+01 0.31595091E+01 0.20906822E-02 0.62435940E-03
 0.21531194E+01 0.33357852E+01 0.25762512E-02 0.66604195E-03
 0.22109308E+01 0.35653743E+01 0.26790401E-02 0.69791442E-03
 0.22784141E+01 0.38346007E+01 0.29832686E-02 0.73269846E-03
 0.23592185E+01 0.41421766E+01 0.45494025E-02 0.78199456E-03
 0.24600955E+01 0.45841255E+01 0.65539486E-02 0.89232918E-03
 0.25987284E+01 0.51855556E+01 0.10185736E-01 0.10612196E-02
 0.28217143E+01 0.66549016E+01 0.10043194E-01 0.13719004E-02
 0.30304014E+01 0.79531470E+01 0.14825095E-01 0.18909355E-02
 0.32943286E+01 0.10482145E+02 0.14026033E-01 0.27594641E-02
 0.34765811E+01 0.11511779E+02 0.33164351E-01 0.38811112E-02
ecmc      0  1  6   20
 -0.46493748E+01 -0.19828468E+02 -0.69899802E-01 0.33865493E-02
 -0.44858309E+01 -0.17901184E+02 -0.51282259E-01 0.23341259E-02
 -0.42625236E+01 -0.15245921E+02 -0.29721047E-01 0.15523011E-02
 -0.40901802E+01 -0.12763436E+02 -0.26729046E-01 0.12173827E-02
 -0.39052441E+01 -0.10773398E+02 -0.17956529E-01 0.87632728E-03
 -0.37917083E+01 -0.97271890E+01 -0.12202941E-01 0.76121858E-03
 -0.37086768E+01 -0.90091879E+01 -0.84503734E-02 0.64264009E-03
 -0.36431799E+01 -0.83925731E+01 -0.71375685E-02 0.60318059E-03
 -0.35885872E+01 -0.78915817E+01 -0.65980697E-02 0.55258020E-03
 -0.35421255E+01 -0.74596144E+01 -0.61255638E-02 0.51437482E-03
 -0.35008456E+01 -0.70852585E+01 -0.63699480E-02 0.48924840E-03
 -0.34641042E+01 -0.67718836E+01 -0.59263055E-02 0.47495135E-03
 -0.34307468E+01 -0.65084257E+01 -0.54435937E-02 0.45778035E-03
 -0.32981953E+01 -0.55519906E+01 -0.31302100E-02 0.40027876E-03
 -0.32002576E+01 -0.49057406E+01 -0.13690944E-02 0.36351586E-03
 -0.31221797E+01 -0.43465289E+01 -0.14985068E-02 0.33192648E-03
 -0.30563036E+01 -0.39437923E+01 -0.11059371E-02 0.31633686E-03
 -0.29992792E+01 -0.35948997E+01 -0.10578112E-02 0.29758913E-03
 -0.29487160E+01 -0.33107384E+01 -0.82922022E-03 0.29420023E-03
 -0.29031114E+01 -0.30678722E+01 -0.62609409E-03 0.27982731E-03
 -0.28615782E+01 -0.28577132E+01 -0.36141151E-03 0.26815294E-03
 -0.28234619E+01 -0.26572633E+01 -0.40346881E-03 0.25653485E-03
 -0.27880128E+01 -0.24826903E+01 -0.24990521E-03 0.24831692E-03
 -0.27548688E+01 -0.23289668E+01 -0.13140960E-03 0.24064130E-03
 -0.27237636E+01 -0.21846238E+01 -0.10190360E-03 0.22963139E-03
 -0.26944337E+01 -0.20393490E+01 -0.32525788E-03 0.22727328E-03
 -0.26665377E+01 -0.19176864E+01 -0.33888346E-03 0.22128105E-03
 -0.26399432E+01 -0.18061589E+01 -0.24290140E-03 0.21767385E-03
 -0.26144855E+01 -0.17060359E+01 -0.14050142E-03 0.21229679E-03
 -0.25901699E+01 -0.16096373E+01 -0.74257102E-04 0.20927890E-03
 -0.25668923E+01 -0.15125133E+01 -0.12588078E-03 0.20421689E-03
 -0.25444987E+01 -0.14186760E+01 -0.17506679E-03 0.19986104E-03
 -0.25228025E+01 -0.13384326E+01 -0.15980400E-03 0.19604359E-03
 -0.25018115E+01 -0.12635310E+01 -0.15563624E-03 0.19396343E-03
 -0.24815550E+01 -0.11898024E+01 -0.13808172E-03 0.19151499E-03
 -0.24618913E+01 -0.11213652E+01 -0.10323095E-03 0.18719942E-03
 -0.24428158E+01 -0.10545801E+01 -0.81575560E-04 0.18607649E-03
 -0.24242630E+01 -0.99473679E+00 0.87183588E-05 0.18255914E-03
 -0.24061619E+01 -0.93938696E+00 0.81460506E-04 0.18118787E-03
 -0.23885807E+01 -0.88169233E+00 0.10687350E-03 0.17781626E-03
 -0.23714226E+01 -0.82474516E+00 0.82398658E-04 0.17225445E-03
 -0.23546632E+01 -0.76617225E+00 -0.42689395E-04 0.17243352E-03
 -0.23382325E+01 -0.71588456E+00 -0.96846918E-05 0.17295013E-03
 -0.23221757E+01 -0.66541792E+00 -0.53748864E-04 0.16790638E-03
 -0.23064552E+01 -0.61979309E+00 -0.14050234E-04 0.16509992E-03
 -0.22909964E+01 -0.57746422E+00 0.21068784E-04 0.16408584E-03
 -0.22758211E+01 -0.54136117E+00 0.12762327E-03 0.16384635E-03
 -0.22609980E+01 -0.49603611E+00 0.94425514E-04 0.16161257E-03
 -0.22464330E+01 -0.45567570E+00 0.94934086E-04 0.16133281E-03
 -0.22320039E+01 -0.42534449E+00 0.26110373E-03 0.15903207E-03
 -0.22179055E+01 -0.38429374E+00 0.17632269E-03 0.15969667E-03
 -0.22040688E+01 -0.34393621E+00 0.12720825E-03 0.15876954E-03
 -0.21903911E+01 -0.30609417E+00 0.90184056E-04 0.15741640E-03
 -0.21769133E+01 -0.27021157E+00 0.34880410E-04 0.15604651E-03
 -0.21635636E+01 -0.24091521E+00 0.85801279E-04 0.15570752E-03
 -0.21504465E+01 -0.20850910E+00 0.72218845E-04 0.15422884E-03
 -0.21375063E+01 -0.17707835E+00 0.70655762E-04 0.15391068E-03
 -0.21247783E+01 -0.14623164E+00 0.78077200E-04 0.15259723E-03
 -0.21121829E+01 -0.11540948E+00 0.24370970E-04 0.15126150E-03
 -0.20997437E+01 -0.82211885E-01 -0.96185125E-04 0.14900697E-03
 -0.20874242E+01 -0.54452812E-01 -0.12808642E-03 0.14899918E-03
 -0.20752520E+01 -0.28826418E-01 -0.12203775E-03 0.14822557E-03
 -0.20632582E+01 0.25861116E-02 -0.22164840E-03 0.14888066E-03
 -0.20513603E+01 0.27134476E-01 -0.20683220E-03 0.14779950E-03
 -0.20395558E+01 0.51904951E-01 -0.22824329E-03 0.14615057E-03
 -0.20278579E+01 0.74297729E-01 -0.22115008E-03 0.14385787E-03
 -0.20163027E+01 0.97890025E-01 -0.21100957E-03 0.14337152E-03
 -0.20048550E+01 0.12346564E+00 -0.27226979E-03 0.14377142E-03
 -0.19935258E+01 0.15043062E+00 -0.38491234E-03 0.14430744E-03
 -0.19822574E+01 0.17188086E+00 -0.40402010E-03 0.14262075E-03
 -0.19710664E+01 0.19129893E+00 -0.39229962E-03 0.14299184E-03
 -0.19599872E+01 0.21414362E+00 -0.44713873E-03 0.14157820E-03
 -0.19489787E+01 0.23440783E+00 -0.44023247E-03 0.14124353E-03
 -0.19380979E+01 0.25757416E+00 -0.51900290E-03 0.14221241E-03
 -0.19272910E+01 0.27785473E+00 -0.50987892E-03 0.14141196E-03
 -0.19165128E+01 0.29620195E+00 -0.50744730E-03 0.14089675E-03
 -0.19058304E+01 0.31659739E+00 -0.56446043E-03 0.13866643E-03
 -0.18951935E+01 0.33208458E+00 -0.52904943E-03 0.13862251E-03
 -0.18846357E+01 0.34915883E+00 -0.50572196E-03 0.13741278E-03
 -0.18741565E+01 0.36892455E+00 -0.55738650E-03 0.13769263E-03
 -0.18637440E+01 0.38606342E+00 -0.57001150E-03 0.13451863E-03
 -0.18533831E+01 0.40495154E+00 -0.61818279E-03 0.13494824E-03
 -0.18430685E+01 0.42267884E+00 -0.67505714E-03 0.13374763E-03
 -0.18328146E+01 0.43978686E+00 -0.68930430E-03 0.13261294E-03
 -0.18226103E+01 0.45590666E+00 -0.68728799E-03 0.13118962E-03
 -0.18124145E+01 0.46700945E+00 -0.60312706E-03 0.13176059E-03
 -0.18022748E+01 0.48082113E+00 -0.60301056E-03 0.13181398E-03
 -0.17921471E+01 0.49335192E+00 -0.59365604E-03 0.13163138E-03
 -0.17820855E+01 0.50738006E+00 -0.60900052E-03 0.13035842E-03
 -0.17720558E+01 0.52093538E+00 -0.59183742E-03 0.13145581E-03
 -0.17620673E+01 0.53468262E+00 -0.59717784E-03 0.13160047E-03
 -0.17520885E+01 0.54616634E+00 -0.56652380E-03 0.13127892E-03
 -0.17421382E+01 0.55982249E+00 -0.61055957E-03 0.13279100E-03
 -0.17322440E+01 0.57224508E+00 -0.59515980E-03 0.13160166E-03
 -0.17223692E+01 0.58246811E+00 -0.57201426E-03 0.12960248E-03
 -0.17125010E+01 0.59415353E+00 -0.58860756E-03 0.12979946E-03
 -0.17027059E+01 0.60758097E+00 -0.61596228E-03 0.12933489E-03
 -0.16929064E+01 0.61858013E+00 -0.60115961E-03 0.12942481E-03
 -0.16831082E+01 0.62859200E+00 -0.55625852E-03 0.12919410E-03
 -0.16733383E+01 0.63969512E+00 -0.54207696E-03 0.12874865E-03
 -0.16635814E+01 0.65146916E+00 -0.55640502E-03 0.12957032E-03
 -0.16538784E+01 0.66549793E+00 -0.61068044E-03 0.13063847E-03
 -0.16441542E+01 0.67616347E+00 -0.57936657E-03 0.13106031E-03
 -0.16343992E+01 0.68656410E+00 -0.59430120E-03 0.13183480E-03
 -0.16246591E+01 0.69479692E+00 -0.57608713E-03 0.13140628E-03
 -0.16149134E+01 0.70278718E+00 -0.56651618E-03 0.13253845E-03
 -0.16051913E+01 0.71070356E+00 -0.52079008E-03 0.13299128E-03
 -0.15954874E+01 0.72162861E+00 -0.55661062E-03 0.13417894E-03
 -0.15857515E+01 0.72978403E+00 -0.54310667E-03 0.13464592E-03
 -0.15760484E+01 0.74006332E+00 -0.55546351E-03 0.13365894E-03
 -0.15663596E+01 0.75435759E+00 -0.62015130E-03 0.13334632E-03
 -0.15566412E+01 0.76452812E+00 -0.63159415E-03 0.13297213E-03
 -0.15468920E+01 0.77439097E+00 -0.66364830E-03 0.13213579E-03
 -0.15371454E+01 0.78303340E+00 -0.65871125E-03 0.13250564E-03
 -0.15273846E+01 0.79287964E+00 -0.66719983E-03 0.13328307E-03
 -0.15176256E+01 0.80534333E+00 -0.72268463E-03 0.13347823E-03
 -0.15078240E+01 0.81533398E+00 -0.74473707E-03 0.13345106E-03
 -0.14979900E+01 0.82295449E+00 -0.74109421E-03 0.13217701E-03
 -0.14881544E+01 0.83464659E+00 -0.82139490E-03 0.13144710E-03
 -0.14782905E+01 0.84234162E+00 -0.79718816E-03 0.13168754E-03
 -0.14683841E+01 0.85145416E+00 -0.81384806E-03 0.13221148E-03
 -0.14584547E+01 0.86214123E+00 -0.87169388E-03 0.13162541E-03
 -0.14485017E+01 0.87302599E+00 -0.92526414E-03 0.13239790E-03
 -0.14384986E+01 0.88183242E+00 -0.95033517E-03 0.13419247E-03
 -0.14284760E+01 0.89093552E+00 -0.98604181E-03 0.13483601E-03
 -0.14184240E+01 0.89838822E+00 -0.96100188E-03 0.13561030E-03
 -0.14083154E+01 0.90557295E+00 -0.94272787E-03 0.13582685E-03
 -0.13981574E+01 0.91311124E+00 -0.93945773E-03 0.13647808E-03
 -0.13879642E+01 0.92210202E+00 -0.98316137E-03 0.13695147E-03
 -0.13777319E+01 0.93204489E+00 -0.10200965E-02 0.13612444E-03
 -0.13674268E+01 0.94168422E+00 -0.10551103E-02 0.13677528E-03
 -0.13570817E+01 0.95005388E+00 -0.10552404E-02 0.13783341E-03
 -0.13466385E+01 0.95777365E+00 -0.10610676E-02 0.13859371E-03
 -0.13361968E+01 0.97104786E+00 -0.11595866E-02 0.13901176E-03
 -0.13256428E+01 0.97844674E+00 -0.11617893E-02 0.13804935E-03
 -0.13150678E+01 0.99029075E+00 -0.12148734E-02 0.13866122E-03
 -0.13044048E+01 0.10001459E+01 -0.12537474E-02 0.13977966E-03
 -0.12936538E+01 0.10105457E+01 -0.12893499E-02 0.14105473E-03
 -0.12828667E+01 0.10212213E+01 -0.13239310E-02 0.14270950E-03
 -0.12719642E+01 0.10288671E+01 -0.13333097E-02 0.14301289E-03
 -0.12609379E+01 0.10359960E+01 -0.13299836E-02 0.14303316E-03
 -0.12498212E+01 0.10437093E+01 -0.13425663E-02 0.14552567E-03
 -0.12386658E+01 0.10555606E+01 -0.14122894E-02 0.14734966E-03
 -0.12274028E+01 0.10684667E+01 -0.15139958E-02 0.14811044E-03
 -0.12160201E+01 0.10771869E+01 -0.15145539E-02 0.14942216E-03
 -0.12045391E+01 0.10883490E+01 -0.15552892E-02 0.15173784E-03
 -0.11929346E+01 0.10967140E+01 -0.15275592E-02 0.15427599E-03
 -0.11812294E+01 0.11081112E+01 -0.15531841E-02 0.15417613E-03
 -0.11693747E+01 0.11167813E+01 -0.15464912E-02 0.15669783E-03
 -0.11573927E+01 0.11238597E+01 -0.14837338E-02 0.15760815E-03
 -0.11453148E+01 0.11363817E+01 -0.15334686E-02 0.16032325E-03
 -0.11330805E+01 0.11473095E+01 -0.15556540E-02 0.16136382E-03
 -0.11207003E+01 0.11600457E+01 -0.15857617E-02 0.16269156E-03
 -0.11081979E+01 0.11729689E+01 -0.16012708E-02 0.16317386E-03
 -0.10954555E+01 0.11798144E+01 -0.15341785E-02 0.16445237E-03
 -0.10826232E+01 0.11947910E+01 -0.16050544E-02 0.16480690E-03
 -0.10695426E+01 0.12036730E+01 -0.15291362E-02 0.16660322E-03
 -0.10563457E+01 0.12194998E+01 -0.15661950E-02 0.16815506E-03
 -0.10429730E+01 0.12331451E+01 -0.16023468E-02 0.17096474E-03
 -0.10294052E+01 0.12491670E+01 -0.16423222E-02 0.17455333E-03
 -0.10156179E+01 0.12638279E+01 -0.16679079E-02 0.17522387E-03
 -0.10015764E+01 0.12764971E+01 -0.16771316E-02 0.17599417E-03
 -0.98730269E+00 0.12881688E+01 -0.16637316E-02 0.17588055E-03
 -0.97285959E+00 0.13044562E+01 -0.17260177E-02 0.17584935E-03
 -0.95820993E+00 0.13252156E+01 -0.18504512E-02 0.17558790E-03
 -0.94323377E+00 0.13369297E+01 -0.17882955E-02 0.17872288E-03
 -0.92799235E+00 0.13526610E+01 -0.18360099E-02 0.18300526E-03
 -0.91251253E+00 0.13681690E+01 -0.18716922E-02 0.18390952E-03
 -0.89671437E+00 0.13822635E+01 -0.18552589E-02 0.18381520E-03
 -0.88062924E+00 0.13968031E+01 -0.18472087E-02 0.18592688E-03
 -0.86427261E+00 0.14146420E+01 -0.19044253E-02 0.18774620E-03
 -0.84755454E+00 0.14329563E+01 -0.19542519E-02 0.19212047E-03
 -0.83049603E+00 0.14481013E+01 -0.19883461E-02 0.19390898E-03
 -0.81307475E+00 0.14638813E+01 -0.20547958E-02 0.19551811E-03
 -0.79530706E+00 0.14788197E+01 -0.21012355E-02 0.19417800E-03
 -0.77708694E+00 0.14925071E+01 -0.21390966E-02 0.19642539E-03
 -0.75848554E+00 0.15059359E+01 -0.21391954E-02 0.19940575E-03
 -0.73951247E+00 0.15201256E+01 -0.21754485E-02 0.20098675E-03
 -0.72006014E+00 0.15341189E+01 -0.22085759E-02 0.20390112E-03
 -0.70011470E+00 0.15460971E+01 -0.22299542E-02 0.20143012E-03
 -0.67972326E+00 0.15654426E+01 -0.23982134E-02 0.20136648E-03
 -0.65879175E+00 0.15795330E+01 -0.24516765E-02 0.20396258E-03
 -0.63726614E+00 0.15928006E+01 -0.25223567E-02 0.20429476E-03
 -0.61521074E+00 0.16058876E+01 -0.24648223E-02 0.20651201E-03
 -0.59251243E+00 0.16181231E+01 -0.24536481E-02 0.20788660E-03
 -0.56914809E+00 0.16288901E+01 -0.24555323E-02 0.21115347E-03
 -0.54508443E+00 0.16466149E+01 -0.25271516E-02 0.21332889E-03
 -0.52024220E+00 0.16685447E+01 -0.26771906E-02 0.21401800E-03
 -0.49446137E+00 0.16738355E+01 -0.25127638E-02 0.21795950E-03
 -0.46790233E+00 0.16934937E+01 -0.26308187E-02 0.22301213E-03
 -0.44035035E+00 0.17145807E+01 -0.27635541E-02 0.22550035E-03
 -0.41159960E+00 0.17250554E+01 -0.27126315E-02 0.22708518E-03
 -0.38180687E+00 0.17413580E+01 -0.26571248E-02 0.23454943E-03
 -0.35061332E+00 0.17571516E+01 -0.26352955E-02 0.23974144E-03
 -0.31798584E+00 0.17779105E+01 -0.27209397E-02 0.24067856E-03
 -0.28376728E+00 0.18028514E+01 -0.28312619E-02 0.25016460E-03
 -0.24764917E+00 0.18188190E+01 -0.26825760E-02 0.25269400E-03
 -0.20942981E+00 0.18406702E+01 -0.27070907E-02 0.25863623E-03
 -0.16891840E+00 0.18759372E+01 -0.28813540E-02 0.26571334E-03
 -0.12553726E+00 0.19117577E+01 -0.31524824E-02 0.27510852E-03
 -0.78717779E-01 0.19313338E+01 -0.29568910E-02 0.29303828E-03
 -0.28072162E-01 0.19574337E+01 -0.28052784E-02 0.30983230E-03
 0.27299822E-01 0.19950419E+01 -0.27492615E-02 0.32233456E-03
 0.88828736E-01 0.20350910E+01 -0.27131261E-02 0.34247193E-03
 0.15834571E+00 0.20535059E+01 -0.21377423E-02 0.36162751E-03
 0.23803548E+00 0.21131911E+01 -0.20845961E-02 0.38314943E-03
 0.33252591E+00 0.21681159E+01 -0.12380727E-02 0.41733555E-03
 0.44970477E+00 0.22906095E+01 -0.88285585E-03 0.46246229E-03
 0.60693886E+00 0.25139305E+01 -0.95078966E-03 0.52839806E-03
 0.64658218E+00 0.25540191E+01 -0.40271788E-03 0.56027413E-03
 0.68986891E+00 0.26414179E+01 -0.68709387E-03 0.60295037E-03
 0.73855079E+00 0.27113199E+01 -0.37700883E-03 0.63817875E-03
 0.79346694E+00 0.28396728E+01 -0.77658786E-03 0.66980031E-03
 0.85727909E+00 0.29646543E+01 -0.59504864E-03 0.72930019E-03
 0.93317091E+00 0.31432403E+01 -0.34050806E-03 0.79400410E-03
 0.10287455E+01 0.34139607E+01 -0.75806134E-03 0.88336305E-03
 0.11589060E+01 0.38509049E+01 -0.16977189E-02 0.99625068E-03
 0.13728471E+01 0.43138997E+01 0.37300426E-02 0.13356266E-02
 0.15689017E+01 0.52406556E+01 0.46924507E-02 0.17467683E-02
 0.18255891E+01 0.64056430E+01 0.74830422E-02 0.25737855E-02
 0.19960864E+01 0.75717769E+01 0.69470194E-02 0.33838147E-02
ecmct     0  2  7   20
 -0.51360003E+01 -0.25082011E+02 -0.71522198E-01 -0.45060808E-03 0.41454171E-02
 -0.49813254E+01 -0.22780944E+02 -0.44771814E-01 -0.91549232E-03 0.30553775E-02
 -0.47654792E+01 -0.19588832E+02 -0.16517845E-01 -0.24548760E-02 0.18786420E-02
 -0.45942165E+01 -0.17231396E+02 0.79406188E-03 -0.30252215E-02 0.13919643E-02
 -0.44166853E+01 -0.14539137E+02 -0.53925346E-02 -0.91288485E-03 0.10568439E-02
 -0.43077106E+01 -0.13035290E+02 -0.76200965E-02 -0.73416458E-04 0.92618674E-03
 -0.42282126E+01 -0.11969399E+02 -0.10736493E-01 0.57163519E-03 0.83001629E-03
 -0.41650634E+01 -0.11127654E+02 -0.15514080E-01 0.13377457E-02 0.73594279E-03
 -0.41123410E+01 -0.10561814E+02 -0.12327908E-01 0.10361637E-02 0.68189254E-03
 -0.40666833E+01 -0.10128483E+02 -0.85929639E-02 0.71484187E-03 0.63057573E-03
 -0.40269645E+01 -0.97367450E+01 -0.47914467E-02 0.31106908E-03 0.58374828E-03
 -0.39913667E+01 -0.93310661E+01 -0.57465841E-02 0.52054638E-03 0.54323302E-03
 -0.39593182E+01 -0.89751781E+01 -0.55422486E-02 0.47147562E-03 0.51753177E-03
 -0.38314172E+01 -0.78057965E+01 -0.74455782E-03 0.11775982E-03 0.44468385E-03
 -0.37370719E+01 -0.70008643E+01 0.32167427E-02 -0.22023883E-03 0.39993188E-03
 -0.36615295E+01 -0.63436341E+01 0.38556511E-02 -0.20837623E-03 0.36088387E-03
 -0.35980595E+01 -0.58120228E+01 0.38006658E-02 -0.17160880E-03 0.33732075E-03
 -0.35432571E+01 -0.53444111E+01 0.31833740E-02 -0.10884074E-03 0.32187947E-03
 -0.34945278E+01 -0.49675610E+01 0.27637730E-02 -0.91223382E-06 0.30384033E-03
 -0.34506859E+01 -0.46602806E+01 0.36894759E-02 -0.10226432E-03 0.29449476E-03
 -0.34108189E+01 -0.43724930E+01 0.40784889E-02 -0.16131135E-03 0.27964196E-03
 -0.33740998E+01 -0.41010265E+01 0.34077607E-02 -0.72730748E-04 0.27701064E-03
 -0.33399671E+01 -0.38943215E+01 0.46910675E-02 -0.21390708E-03 0.26382374E-03
 -0.33079162E+01 -0.37113881E+01 0.56045484E-02 -0.29697742E-03 0.25957071E-03
 -0.32778750E+01 -0.35348740E+01 0.62315299E-02 -0.36139669E-03 0.25506446E-03
 -0.32495522E+01 -0.33516870E+01 0.60398946E-02 -0.34160809E-03 0.24876133E-03
 -0.32228263E+01 -0.31604345E+01 0.45350639E-02 -0.15988880E-03 0.23931721E-03
 -0.31973146E+01 -0.30055595E+01 0.45257987E-02 -0.16141439E-03 0.23479426E-03
 -0.31729626E+01 -0.28410176E+01 0.35417130E-02 -0.51360255E-04 0.22929103E-03
 -0.31496765E+01 -0.26981495E+01 0.33729196E-02 -0.51057930E-04 0.22656495E-03
 -0.31272463E+01 -0.25720679E+01 0.34916122E-02 -0.77851997E-04 0.22643830E-03
 -0.31056785E+01 -0.24555498E+01 0.36722194E-02 -0.10398036E-03 0.22409892E-03
 -0.30848896E+01 -0.23329862E+01 0.30145718E-02 -0.17744864E-04 0.21788464E-03
 -0.30648263E+01 -0.22108376E+01 0.21414200E-02 0.88888606E-04 0.21606665E-03
 -0.30453722E+01 -0.21080955E+01 0.22114525E-02 0.65084085E-04 0.21097992E-03
 -0.30265284E+01 -0.20069177E+01 0.20365176E-02 0.79094747E-04 0.20694028E-03
 -0.30082090E+01 -0.19149074E+01 0.20058653E-02 0.87284673E-04 0.20256535E-03
 -0.29904964E+01 -0.18117495E+01 0.15554453E-02 0.11473532E-03 0.20122951E-03
 -0.29732212E+01 -0.17203483E+01 0.12298541E-02 0.14871421E-03 0.19873674E-03
 -0.29563410E+01 -0.16350308E+01 0.11412015E-02 0.14441552E-03 0.19572770E-03
 -0.29398763E+01 -0.15603008E+01 0.13685646E-02 0.10814508E-03 0.19251748E-03
 -0.29237931E+01 -0.14870519E+01 0.15303411E-02 0.75015509E-04 0.18944296E-03
 -0.29080941E+01 -0.14118406E+01 0.12555011E-02 0.10887984E-03 0.18947985E-03
 -0.28926556E+01 -0.13473356E+01 0.14388698E-02 0.85334651E-04 0.18955042E-03
 -0.28776727E+01 -0.12648962E+01 0.85611428E-03 0.13591267E-03 0.19204093E-03
 -0.28628861E+01 -0.12043124E+01 0.10656202E-02 0.10763652E-03 0.18755056E-03
 -0.28484359E+01 -0.11384449E+01 0.93531915E-03 0.11646614E-03 0.18480959E-03
 -0.28342443E+01 -0.10736981E+01 0.75135551E-03 0.13629663E-03 0.18259187E-03
 -0.28202505E+01 -0.10204433E+01 0.92029130E-03 0.11574711E-03 0.18454373E-03
 -0.28065117E+01 -0.96686397E+00 0.10588098E-02 0.94225773E-04 0.18642663E-03
 -0.27930240E+01 -0.91366226E+00 0.11664277E-02 0.78161050E-04 0.18680681E-03
 -0.27797821E+01 -0.85377550E+00 0.78796140E-03 0.12616339E-03 0.18499344E-03
 -0.27667412E+01 -0.79623455E+00 0.58243669E-03 0.14220977E-03 0.18546094E-03
 -0.27539013E+01 -0.74016811E+00 0.36801828E-03 0.15641549E-03 0.18464762E-03
 -0.27412427E+01 -0.68670501E+00 0.24956912E-03 0.15965910E-03 0.18112213E-03
 -0.27287368E+01 -0.64089285E+00 0.39526838E-03 0.13467108E-03 0.17817293E-03
 -0.27163990E+01 -0.59257370E+00 0.24170636E-03 0.15280976E-03 0.17787348E-03
 -0.27042517E+01 -0.54301997E+00 0.70149633E-04 0.16827926E-03 0.17702615E-03
 -0.26922400E+01 -0.49944401E+00 0.63478555E-04 0.16798386E-03 0.17618883E-03
 -0.26804082E+01 -0.45260817E+00 -0.53619057E-04 0.17364452E-03 0.17604160E-03
 -0.26686661E+01 -0.41168008E+00 -0.17318910E-03 0.18381382E-03 0.17435227E-03
 -0.26571560E+01 -0.35920096E+00 -0.58635917E-03 0.21673794E-03 0.17309226E-03
 -0.26457183E+01 -0.31643073E+00 -0.65163932E-03 0.21446844E-03 0.17420039E-03
 -0.26343508E+01 -0.28363029E+00 -0.42164991E-03 0.18320485E-03 0.17177684E-03
 -0.26231667E+01 -0.24626202E+00 -0.22482239E-03 0.14185904E-03 0.17221849E-03
 -0.26120846E+01 -0.20991069E+00 -0.14254446E-03 0.12321856E-03 0.17232083E-03
 -0.26010995E+01 -0.17322979E+00 -0.23405282E-03 0.12984693E-03 0.17043071E-03
 -0.25901928E+01 -0.14623356E+00 0.12637309E-03 0.86899059E-04 0.16942215E-03
 -0.25794067E+01 -0.11230844E+00 0.14487018E-03 0.77199390E-04 0.17061800E-03
 -0.25687321E+01 -0.75130612E-01 0.35417648E-04 0.85288814E-04 0.16857374E-03
 -0.25581897E+01 -0.40529778E-01 -0.22922139E-04 0.90346188E-04 0.16899308E-03
 -0.25477284E+01 -0.16157176E-02 -0.32134265E-03 0.11939503E-03 0.16631714E-03
 -0.25373342E+01 0.34766504E-01 -0.52345332E-03 0.13865261E-03 0.16664091E-03
 -0.25270624E+01 0.73184438E-01 -0.75041086E-03 0.15618868E-03 0.16696472E-03
 -0.25167917E+01 0.96791342E-01 -0.43272998E-03 0.11328095E-03 0.16594861E-03
 -0.25066262E+01 0.12370073E+00 -0.20584057E-03 0.78439602E-04 0.16504113E-03
 -0.24965529E+01 0.15909749E+00 -0.44377104E-03 0.98502800E-04 0.16501144E-03
 -0.24865325E+01 0.18948542E+00 -0.52819274E-03 0.10568032E-03 0.16434352E-03
 -0.24765978E+01 0.21930134E+00 -0.50132442E-03 0.91378597E-04 0.16235577E-03
 -0.24667212E+01 0.25207521E+00 -0.69476261E-03 0.10530654E-03 0.16021286E-03
 -0.24569125E+01 0.28028915E+00 -0.77484988E-03 0.11770604E-03 0.15947920E-03
 -0.24471419E+01 0.30690596E+00 -0.78118090E-03 0.11188191E-03 0.15788381E-03
 -0.24374529E+01 0.33496277E+00 -0.83984326E-03 0.11403244E-03 0.15871939E-03
 -0.24278532E+01 0.36786380E+00 -0.11392786E-02 0.14743905E-03 0.15982971E-03
 -0.24182988E+01 0.40220909E+00 -0.14615299E-02 0.17873465E-03 0.15567082E-03
 -0.24088007E+01 0.43615766E+00 -0.18376328E-02 0.21621359E-03 0.15552795E-03
 -0.23992782E+01 0.46235654E+00 -0.19155449E-02 0.21801095E-03 0.15521071E-03
 -0.23898147E+01 0.48394590E+00 -0.17828902E-02 0.19625696E-03 0.15346300E-03
 -0.23804259E+01 0.51338281E+00 -0.19826405E-02 0.20819084E-03 0.15209897E-03
 -0.23710485E+01 0.53605051E+00 -0.19619443E-02 0.20208619E-03 0.15159382E-03
 -0.23617293E+01 0.56225970E+00 -0.21446605E-02 0.21932942E-03 0.15104242E-03
 -0.23524659E+01 0.58933824E+00 -0.22845098E-02 0.22770428E-03 0.14976739E-03
 -0.23432231E+01 0.61588716E+00 -0.25123390E-02 0.24973552E-03 0.14872787E-03
 -0.23339963E+01 0.63270865E+00 -0.22237753E-02 0.20893218E-03 0.14922604E-03
 -0.23248149E+01 0.65148990E+00 -0.20486667E-02 0.18156471E-03 0.14814256E-03
 -0.23156789E+01 0.67726833E+00 -0.22422404E-02 0.19902405E-03 0.14763022E-03
 -0.23065488E+01 0.70199437E+00 -0.23531172E-02 0.20047804E-03 0.14863901E-03
 -0.22974651E+01 0.72356716E+00 -0.23881612E-02 0.20074827E-03 0.14929452E-03
 -0.22883875E+01 0.74875279E+00 -0.26718002E-02 0.23130681E-03 0.14969987E-03
 -0.22793705E+01 0.77561255E+00 -0.29566537E-02 0.26085817E-03 0.15022643E-03
 -0.22703562E+01 0.79965999E+00 -0.30730355E-02 0.26310335E-03 0.15045985E-03
 -0.22613432E+01 0.82042125E+00 -0.31356951E-02 0.26508456E-03 0.15077554E-03
 -0.22523375E+01 0.83869613E+00 -0.31417298E-02 0.26607989E-03 0.14969948E-03
 -0.22433823E+01 0.86066601E+00 -0.32121354E-02 0.26536808E-03 0.15080429E-03
 -0.22344181E+01 0.88327205E+00 -0.34059591E-02 0.28330458E-03 0.15096357E-03
 -0.22255249E+01 0.91132133E+00 -0.38227645E-02 0.32638586E-03 0.15017580E-03
 -0.22165880E+01 0.92710619E+00 -0.36272909E-02 0.29446521E-03 0.14922983E-03
 -0.22076803E+01 0.94890972E+00 -0.37502975E-02 0.30293682E-03 0.14973786E-03
 -0.21987405E+01 0.96465636E+00 -0.36974238E-02 0.29388867E-03 0.15000285E-03
 -0.21898116E+01 0.97644882E+00 -0.34444409E-02 0.26202965E-03 0.14905949E-03
 -0.21809552E+01 0.10057161E+01 -0.40415090E-02 0.32813685E-03 0.14938519E-03
 -0.21720742E+01 0.10255243E+01 -0.41440790E-02 0.33357385E-03 0.14866328E-03
 -0.21631917E+01 0.10411001E+01 -0.40332397E-02 0.31373607E-03 0.14739163E-03
 -0.21543213E+01 0.10606535E+01 -0.41216508E-02 0.31471037E-03 0.14671669E-03
 -0.21454183E+01 0.10781618E+01 -0.42311915E-02 0.32503771E-03 0.14581239E-03
 -0.21365241E+01 0.10932899E+01 -0.42573689E-02 0.32939447E-03 0.14597588E-03
 -0.21276196E+01 0.11064169E+01 -0.41405173E-02 0.31800847E-03 0.14807034E-03
 -0.21187053E+01 0.11230762E+01 -0.41417776E-02 0.30695286E-03 0.14985044E-03
 -0.21098432E+01 0.11413972E+01 -0.41861832E-02 0.30279572E-03 0.15018167E-03
 -0.21009160E+01 0.11561474E+01 -0.42089726E-02 0.30860024E-03 0.15041782E-03
 -0.20919922E+01 0.11696706E+01 -0.40769347E-02 0.28624816E-03 0.15097881E-03
 -0.20830764E+01 0.11900319E+01 -0.42811474E-02 0.30078249E-03 0.15133118E-03
 -0.20741327E+01 0.11994005E+01 -0.40020904E-02 0.26458601E-03 0.14893981E-03
 -0.20651724E+01 0.12151604E+01 -0.40533655E-02 0.26719408E-03 0.14673647E-03
 -0.20562014E+01 0.12291799E+01 -0.40208068E-02 0.26092825E-03 0.14759208E-03
 -0.20471901E+01 0.12395886E+01 -0.38192354E-02 0.23081928E-03 0.14817131E-03
 -0.20381830E+01 0.12566463E+01 -0.39894884E-02 0.24930820E-03 0.14941466E-03
 -0.20291573E+01 0.12697768E+01 -0.39778552E-02 0.24635721E-03 0.14784104E-03
 -0.20201027E+01 0.12810748E+01 -0.38272244E-02 0.22923987E-03 0.14878345E-03
 -0.20110087E+01 0.12938496E+01 -0.38908539E-02 0.23895180E-03 0.14974959E-03
 -0.20018972E+01 0.13077170E+01 -0.38979212E-02 0.23425555E-03 0.15029387E-03
 -0.19927794E+01 0.13275097E+01 -0.42326737E-02 0.27094839E-03 0.15015180E-03
 -0.19836155E+01 0.13383879E+01 -0.40490695E-02 0.24619386E-03 0.15021731E-03
 -0.19743926E+01 0.13501548E+01 -0.41040287E-02 0.25962429E-03 0.15068936E-03
 -0.19651442E+01 0.13595073E+01 -0.39891603E-02 0.24550452E-03 0.14902749E-03
 -0.19558905E+01 0.13726883E+01 -0.39525231E-02 0.23651613E-03 0.14963990E-03
 -0.19465715E+01 0.13857546E+01 -0.39731768E-02 0.23761718E-03 0.14854566E-03
 -0.19372456E+01 0.13980477E+01 -0.38285381E-02 0.20964019E-03 0.15008505E-03
 -0.19278740E+01 0.14157374E+01 -0.41131965E-02 0.24185633E-03 0.15057177E-03
 -0.19184408E+01 0.14292441E+01 -0.40895568E-02 0.23481724E-03 0.15007103E-03
 -0.19089681E+01 0.14439617E+01 -0.41651426E-02 0.23915868E-03 0.14975833E-03
 -0.18994575E+01 0.14672374E+01 -0.46226661E-02 0.28486036E-03 0.14969101E-03
 -0.18898504E+01 0.14818696E+01 -0.47074026E-02 0.29072825E-03 0.14943250E-03
 -0.18802268E+01 0.14962378E+01 -0.46923375E-02 0.28097883E-03 0.14885527E-03
 -0.18705052E+01 0.15090647E+01 -0.46933647E-02 0.27700761E-03 0.15097158E-03
 -0.18606897E+01 0.15195678E+01 -0.46810570E-02 0.27585203E-03 0.15024197E-03
 -0.18508397E+01 0.15314565E+01 -0.46987565E-02 0.27851095E-03 0.14945162E-03
 -0.18409473E+01 0.15463215E+01 -0.47711863E-02 0.28291541E-03 0.15168821E-03
 -0.18309447E+01 0.15585174E+01 -0.47461511E-02 0.27349160E-03 0.15076361E-03
 -0.18208714E+01 0.15671437E+01 -0.46574683E-02 0.26429729E-03 0.15041095E-03
 -0.18107379E+01 0.15805244E+01 -0.46762699E-02 0.26321004E-03 0.14988837E-03
 -0.18004873E+01 0.15882091E+01 -0.44789449E-02 0.23892794E-03 0.15198603E-03
 -0.17901507E+01 0.16032091E+01 -0.46730418E-02 0.25980192E-03 0.15236720E-03
 -0.17797235E+01 0.16122163E+01 -0.45605469E-02 0.24521941E-03 0.15460109E-03
 -0.17692100E+01 0.16227328E+01 -0.44984888E-02 0.23942669E-03 0.15616994E-03
 -0.17586053E+01 0.16335329E+01 -0.43872635E-02 0.22021446E-03 0.15574925E-03
 -0.17478866E+01 0.16462321E+01 -0.44706050E-02 0.23473542E-03 0.15866843E-03
 -0.17370473E+01 0.16560025E+01 -0.44265951E-02 0.23326829E-03 0.15973348E-03
 -0.17260778E+01 0.16622836E+01 -0.41350720E-02 0.19646250E-03 0.16158571E-03
 -0.17150176E+01 0.16713476E+01 -0.38954373E-02 0.16283802E-03 0.16241730E-03
 -0.17037983E+01 0.16794279E+01 -0.37126870E-02 0.14265692E-03 0.16172326E-03
 -0.16925026E+01 0.17026729E+01 -0.41982801E-02 0.19768486E-03 0.16210368E-03
 -0.16810307E+01 0.17178568E+01 -0.43102323E-02 0.20939174E-03 0.16331361E-03
 -0.16694193E+01 0.17290471E+01 -0.41553659E-02 0.18350446E-03 0.16645745E-03
 -0.16576455E+01 0.17431940E+01 -0.40767727E-02 0.16879143E-03 0.16880418E-03
 -0.16457132E+01 0.17626249E+01 -0.41899806E-02 0.17001199E-03 0.16894619E-03
 -0.16335697E+01 0.17782438E+01 -0.43080986E-02 0.19068595E-03 0.17417750E-03
 -0.16212432E+01 0.17885086E+01 -0.41788712E-02 0.18206226E-03 0.17610767E-03
 -0.16087106E+01 0.18026386E+01 -0.41015007E-02 0.16802350E-03 0.17860990E-03
 -0.15959592E+01 0.18102877E+01 -0.36769696E-02 0.11794853E-03 0.17916455E-03
 -0.15829964E+01 0.18197437E+01 -0.33386371E-02 0.78762930E-04 0.18015454E-03
 -0.15698244E+01 0.18370686E+01 -0.34117271E-02 0.92673415E-04 0.18186825E-03
 -0.15564306E+01 0.18596797E+01 -0.35416733E-02 0.97288747E-04 0.18304986E-03
 -0.15427335E+01 0.18811497E+01 -0.38551399E-02 0.13947656E-03 0.18615389E-03
 -0.15287638E+01 0.18937903E+01 -0.36050045E-02 0.11216715E-03 0.18383777E-03
 -0.15144736E+01 0.19080009E+01 -0.34522577E-02 0.10471568E-03 0.18527534E-03
 -0.14999059E+01 0.19256692E+01 -0.32503932E-02 0.74779481E-04 0.18710563E-03
 -0.14850522E+01 0.19502093E+01 -0.34044970E-02 0.93684601E-04 0.18724002E-03
 -0.14697872E+01 0.19674934E+01 -0.31265319E-02 0.57600413E-04 0.19030189E-03
 -0.14541782E+01 0.19935809E+01 -0.32252066E-02 0.70991081E-04 0.19392288E-03
 -0.14381363E+01 0.20148622E+01 -0.31798752E-02 0.74240259E-04 0.19780480E-03
 -0.14216662E+01 0.20460419E+01 -0.35814659E-02 0.12957462E-03 0.20103239E-03
 -0.14046460E+01 0.20684519E+01 -0.35166886E-02 0.13156996E-03 0.20220597E-03
 -0.13871472E+01 0.20896116E+01 -0.32062606E-02 0.10096664E-03 0.20542855E-03
 -0.13690866E+01 0.21104844E+01 -0.28850591E-02 0.74157451E-04 0.20945135E-03
 -0.13504853E+01 0.21399273E+01 -0.28093830E-02 0.70966818E-04 0.21455177E-03
 -0.13311837E+01 0.21655342E+01 -0.24731149E-02 0.35740243E-04 0.21964393E-03
 -0.13112240E+01 0.21941001E+01 -0.19854577E-02 -0.26406141E-04 0.22360515E-03
 -0.12905495E+01 0.22468514E+01 -0.27377959E-02 0.61805981E-04 0.22677542E-03
 -0.12689974E+01 0.22953656E+01 -0.33563836E-02 0.13616229E-03 0.23215297E-03
 -0.12463941E+01 0.23280529E+01 -0.32406854E-02 0.12947713E-03 0.23556544E-03
 -0.12228831E+01 0.23724629E+01 -0.32465600E-02 0.11773224E-03 0.23969336E-03
 -0.11981827E+01 0.24144330E+01 -0.31765956E-02 0.10512626E-03 0.24717429E-03
 -0.11722110E+01 0.24595445E+01 -0.34486803E-02 0.14078330E-03 0.25150107E-03
 -0.11448865E+01 0.24916623E+01 -0.29075498E-02 0.72672782E-04 0.26036321E-03
 -0.11160601E+01 0.25353279E+01 -0.27216955E-02 0.31664876E-04 0.26551305E-03
 -0.10854841E+01 0.25839317E+01 -0.27060277E-02 0.17899507E-04 0.27614050E-03
 -0.10530019E+01 0.26514300E+01 -0.34840121E-02 0.91756723E-04 0.28384402E-03
 -0.10181105E+01 0.26922848E+01 -0.30008821E-02 0.96486841E-05 0.29725859E-03
 -0.98058269E+00 0.27436384E+01 -0.30951941E-02 0.21429203E-04 0.30459418E-03
 -0.93998717E+00 0.28161216E+01 -0.42684679E-02 0.14984467E-03 0.31561208E-03
 -0.89575808E+00 0.28928857E+01 -0.51594198E-02 0.22809975E-03 0.31746685E-03
 -0.84711247E+00 0.29650684E+01 -0.48869862E-02 0.12243861E-03 0.32551690E-03
 -0.79282855E+00 0.30700211E+01 -0.74385899E-02 0.45302537E-03 0.34371881E-03
 -0.73110611E+00 0.31250670E+01 -0.72015412E-02 0.42338950E-03 0.36103852E-03
 -0.65984117E+00 0.32241726E+01 -0.81310161E-02 0.50619510E-03 0.39545168E-03
 -0.57486066E+00 0.32825067E+01 -0.64015889E-02 0.30991037E-03 0.42915125E-03
 -0.46884020E+00 0.34324917E+01 -0.72829425E-02 0.37362621E-03 0.48172298E-03
 -0.32596832E+00 0.37076413E+01 -0.11136035E-01 0.81260691E-03 0.55389276E-03
 -0.28991238E+00 0.37503266E+01 -0.10406340E-01 0.68026269E-03 0.57007192E-03
 -0.24998456E+00 0.38055604E+01 -0.10180246E-01 0.64356123E-03 0.61042715E-03
 -0.20524393E+00 0.38735862E+01 -0.11051791E-01 0.77512388E-03 0.62479349E-03
 -0.15439230E+00 0.39835455E+01 -0.11921599E-01 0.80248202E-03 0.66800706E-03
 -0.95447501E-01 0.40559294E+01 -0.10068946E-01 0.54301994E-03 0.75527758E-03
 -0.24762253E-01 0.41381458E+01 -0.67776998E-02 0.10286571E-03 0.83246218E-03
 0.64942120E-01 0.42248164E+01 -0.37480850E-02 -0.33119319E-03 0.90832351E-03
 0.18911497E+00 0.41889801E+01 0.58815839E-02 -0.12208165E-02 0.10953032E-02
 0.38833153E+00 0.46750400E+01 0.18766093E-02 -0.70370137E-03 0.14506166E-02
 0.57622196E+00 0.49273492E+01 0.13553507E-01 -0.20584121E-02 0.20669886E-02
 0.81945555E+00 0.54434283E+01 0.16488336E-01 -0.14692746E-02 0.30710187E-02
 0.98285986E+00 0.60476088E+01 0.23630772E-01 -0.27970377E-02 0.41151447E-02
ecmctt    0  3  7   20
 -0.55310013E+01 -0.29811608E+02 -0.72143442E-01 -0.20946101E-02 0.39049823E-02
 -0.53779081E+01 -0.26686329E+02 -0.58258151E-01 -0.11747401E-02 0.27386576E-02
 -0.51655814E+01 -0.23301579E+02 -0.28213844E-01 -0.10802606E-02 0.19297697E-02
 -0.49976170E+01 -0.20456154E+02 -0.20254178E-01 -0.43207226E-03 0.13474178E-02
 -0.48207428E+01 -0.17893525E+02 0.30520361E-02 -0.20064392E-02 0.97282637E-03
 -0.47137503E+01 -0.16248206E+02 0.31764886E-02 -0.12284400E-02 0.92485778E-03
 -0.46350880E+01 -0.15212133E+02 0.10421749E-01 -0.17871003E-02 0.81553822E-03
 -0.45734403E+01 -0.14198992E+02 0.44961943E-02 -0.85542139E-03 0.74783412E-03
 -0.45220085E+01 -0.13463819E+02 0.42252109E-02 -0.70404186E-03 0.66664906E-03
 -0.44775930E+01 -0.12887901E+02 0.54716379E-02 -0.70996521E-03 0.62211640E-03
 -0.44385646E+01 -0.12375947E+02 0.62510406E-02 -0.71962837E-03 0.59786010E-03
 -0.44033627E+01 -0.11932318E+02 0.62924958E-02 -0.62882925E-03 0.57335657E-03
 -0.43714834E+01 -0.11553813E+02 0.63835339E-02 -0.53658760E-03 0.54790230E-03
 -0.42462755E+01 -0.10081176E+02 0.88740883E-02 -0.63393999E-03 0.47199715E-03
 -0.41536573E+01 -0.90486351E+01 0.94547346E-02 -0.60941553E-03 0.40671784E-03
 -0.40793444E+01 -0.82855594E+01 0.10459101E-01 -0.61912891E-03 0.38993497E-03
 -0.40169298E+01 -0.76423012E+01 0.93133668E-02 -0.35641328E-03 0.37034005E-03
 -0.39629506E+01 -0.70722360E+01 0.78925516E-02 -0.19747876E-03 0.34866930E-03
 -0.39149079E+01 -0.66413847E+01 0.86612393E-02 -0.23894454E-03 0.32551146E-03
 -0.38717371E+01 -0.62465681E+01 0.88001668E-02 -0.22701628E-03 0.30509103E-03
 -0.38324465E+01 -0.58986700E+01 0.90553323E-02 -0.26158594E-03 0.29450238E-03
 -0.37962010E+01 -0.55943338E+01 0.95845538E-02 -0.33840765E-03 0.28425049E-03
 -0.37624150E+01 -0.53253788E+01 0.10033463E-01 -0.37757395E-03 0.28101790E-03
 -0.37311915E+01 -0.50274676E+01 0.85571593E-02 -0.23907383E-03 0.27879130E-03
 -0.37017655E+01 -0.47792387E+01 0.81246249E-02 -0.18675316E-03 0.26630886E-03
 -0.36738944E+01 -0.45619067E+01 0.81038776E-02 -0.19323498E-03 0.25906406E-03
 -0.36474698E+01 -0.43621138E+01 0.84855645E-02 -0.25828130E-03 0.25545286E-03
 -0.36223341E+01 -0.41645148E+01 0.81200349E-02 -0.21962264E-03 0.24704620E-03
 -0.35983969E+01 -0.39678374E+01 0.71798119E-02 -0.11056123E-03 0.24222158E-03
 -0.35754823E+01 -0.37813913E+01 0.63507682E-02 -0.29924316E-04 0.23204746E-03
 -0.35534068E+01 -0.36220101E+01 0.63280861E-02 -0.35417901E-04 0.22807988E-03
 -0.35321842E+01 -0.34652430E+01 0.60388784E-02 -0.81665161E-05 0.22657282E-03
 -0.35117036E+01 -0.33179961E+01 0.58977819E-02 -0.45111099E-05 0.22609875E-03
 -0.34919482E+01 -0.31728090E+01 0.55823455E-02 0.12614778E-04 0.22279016E-03
 -0.34728026E+01 -0.30302854E+01 0.48689034E-02 0.82404162E-04 0.22068234E-03
 -0.34541857E+01 -0.29123462E+01 0.51837970E-02 0.29765892E-04 0.21801849E-03
 -0.34362036E+01 -0.27840187E+01 0.46365858E-02 0.85218154E-04 0.21377397E-03
 -0.34186240E+01 -0.26652539E+01 0.42583477E-02 0.11413794E-03 0.20989708E-03
 -0.34015168E+01 -0.25638032E+01 0.45084335E-02 0.78434791E-04 0.20717937E-03
 -0.33848483E+01 -0.24655700E+01 0.46515481E-02 0.61630191E-04 0.20420197E-03
 -0.33685851E+01 -0.23628134E+01 0.44635751E-02 0.70938459E-04 0.20417299E-03
 -0.33527215E+01 -0.22671236E+01 0.46676008E-02 0.23161146E-04 0.20065494E-03
 -0.33372359E+01 -0.21740933E+01 0.47189644E-02 0.15389197E-05 0.19911602E-03
 -0.33220732E+01 -0.20831417E+01 0.47663134E-02 -0.25072379E-04 0.19705745E-03
 -0.33071407E+01 -0.20119208E+01 0.53939289E-02 -0.10260377E-03 0.19594293E-03
 -0.32925623E+01 -0.19301671E+01 0.55662063E-02 -0.14218402E-03 0.19268883E-03
 -0.32783213E+01 -0.18373891E+01 0.49763054E-02 -0.84801977E-04 0.19116759E-03
 -0.32642665E+01 -0.17627339E+01 0.51131528E-02 -0.10361438E-03 0.18990795E-03
 -0.32505041E+01 -0.16913318E+01 0.53860265E-02 -0.15056143E-03 0.18826558E-03
 -0.32370019E+01 -0.16070784E+01 0.49042287E-02 -0.10824739E-03 0.18624433E-03
 -0.32237578E+01 -0.15216952E+01 0.43614730E-02 -0.61338844E-04 0.18376231E-03
 -0.32106574E+01 -0.14481326E+01 0.42553714E-02 -0.68586242E-04 0.18361240E-03
 -0.31978068E+01 -0.13707560E+01 0.38588739E-02 -0.37815157E-04 0.18291551E-03
 -0.31851682E+01 -0.12899977E+01 0.32571547E-02 0.18031066E-04 0.18352131E-03
 -0.31726966E+01 -0.12186203E+01 0.30212230E-02 0.29271569E-04 0.18142621E-03
 -0.31603591E+01 -0.11562144E+01 0.29957346E-02 0.26239338E-04 0.18176618E-03
 -0.31482163E+01 -0.10896335E+01 0.27603775E-02 0.39919440E-04 0.18035181E-03
 -0.31362111E+01 -0.10307603E+01 0.28118374E-02 0.22702054E-04 0.18236700E-03
 -0.31243159E+01 -0.97678154E+00 0.28544367E-02 0.17562163E-04 0.18301936E-03
 -0.31126959E+01 -0.90059258E+00 0.19983819E-02 0.10175303E-03 0.18058873E-03
 -0.31011235E+01 -0.83798194E+00 0.15145685E-02 0.15143180E-03 0.18134338E-03
 -0.30897439E+01 -0.77007214E+00 0.89795891E-03 0.20955443E-03 0.17942077E-03
 -0.30785022E+01 -0.70982141E+00 0.72468264E-03 0.21012854E-03 0.17799289E-03
 -0.30673372E+01 -0.65602711E+00 0.60274632E-03 0.21812803E-03 0.17874508E-03
 -0.30562954E+01 -0.59930291E+00 0.30318143E-03 0.24202079E-03 0.17802514E-03
 -0.30453395E+01 -0.54855309E+00 0.20168939E-03 0.24847817E-03 0.17810291E-03
 -0.30345055E+01 -0.49896313E+00 0.18737957E-03 0.23564697E-03 0.17708553E-03
 -0.30237299E+01 -0.45785844E+00 0.45209059E-03 0.19744849E-03 0.17878909E-03
 -0.30131573E+01 -0.40747062E+00 0.47698013E-03 0.17855414E-03 0.17858671E-03
 -0.30026125E+01 -0.36598664E+00 0.66641534E-03 0.15110672E-03 0.17676223E-03
 -0.29921670E+01 -0.32245149E+00 0.74810361E-03 0.13379548E-03 0.17652316E-03
 -0.29818027E+01 -0.27667966E+00 0.65528652E-03 0.13690382E-03 0.17411906E-03
 -0.29715625E+01 -0.22860949E+00 0.53951496E-03 0.13236964E-03 0.17277696E-03
 -0.29614124E+01 -0.18020469E+00 0.30527556E-03 0.14850908E-03 0.16950755E-03
 -0.29513066E+01 -0.14534073E+00 0.64409088E-03 0.10672428E-03 0.16533841E-03
 -0.29412545E+01 -0.10781957E+00 0.72505083E-03 0.93998243E-04 0.16208013E-03
 -0.29312850E+01 -0.69170897E-01 0.70760006E-03 0.92671004E-04 0.15914848E-03
 -0.29213782E+01 -0.31719788E-01 0.79581599E-03 0.74392362E-04 0.15918272E-03
 -0.29115841E+01 0.11499853E-01 0.59930413E-03 0.86683397E-04 0.15870200E-03
 -0.29018173E+01 0.47245648E-01 0.64925063E-03 0.79385095E-04 0.15925509E-03
 -0.28921429E+01 0.88965087E-01 0.43588504E-03 0.98728312E-04 0.15823488E-03
 -0.28825145E+01 0.12521493E+00 0.48967034E-03 0.81740911E-04 0.15741878E-03
 -0.28729698E+01 0.16912193E+00 0.21306736E-03 0.98993334E-04 0.15692197E-03
 -0.28634390E+01 0.20426421E+00 0.24634519E-03 0.82984829E-04 0.15701043E-03
 -0.28539734E+01 0.24775218E+00 -0.98693535E-04 0.10833034E-03 0.15673903E-03
 -0.28445652E+01 0.28872137E+00 -0.44281224E-03 0.14512298E-03 0.15402143E-03
 -0.28351893E+01 0.32302040E+00 -0.45837322E-03 0.13882889E-03 0.15397934E-03
 -0.28258730E+01 0.36021792E+00 -0.59231567E-03 0.14246875E-03 0.15319112E-03
 -0.28166049E+01 0.39890137E+00 -0.91645246E-03 0.17476994E-03 0.15338198E-03
 -0.28073725E+01 0.43113573E+00 -0.93949657E-03 0.17233408E-03 0.15421415E-03
 -0.27981976E+01 0.46677198E+00 -0.10447783E-02 0.17380027E-03 0.15459789E-03
 -0.27890489E+01 0.49696567E+00 -0.91872054E-03 0.14959944E-03 0.15298185E-03
 -0.27799698E+01 0.53467350E+00 -0.11775187E-02 0.17024329E-03 0.15214543E-03
 -0.27708563E+01 0.56523002E+00 -0.11935130E-02 0.16231225E-03 0.15306331E-03
 -0.27618333E+01 0.60033943E+00 -0.13569443E-02 0.16905620E-03 0.15375037E-03
 -0.27528189E+01 0.63584129E+00 -0.16040441E-02 0.18990359E-03 0.15246014E-03
 -0.27438073E+01 0.66125803E+00 -0.14038961E-02 0.15776694E-03 0.15191062E-03
 -0.27348733E+01 0.69736335E+00 -0.16668694E-02 0.17724341E-03 0.15351328E-03
 -0.27259576E+01 0.73546101E+00 -0.20870656E-02 0.21888893E-03 0.15289649E-03
 -0.27170730E+01 0.77259325E+00 -0.24978166E-02 0.25714305E-03 0.15115101E-03
 -0.27081689E+01 0.79860481E+00 -0.24592065E-02 0.25170531E-03 0.15083760E-03
 -0.26993368E+01 0.83261606E+00 -0.27105408E-02 0.26928318E-03 0.15134781E-03
 -0.26904799E+01 0.85872648E+00 -0.25908632E-02 0.24503698E-03 0.14990978E-03
 -0.26816173E+01 0.88211277E+00 -0.24413225E-02 0.21839013E-03 0.14905260E-03
 -0.26728254E+01 0.91081527E+00 -0.24552230E-02 0.20757401E-03 0.15033783E-03
 -0.26640338E+01 0.93889943E+00 -0.24917317E-02 0.20084358E-03 0.14928298E-03
 -0.26552374E+01 0.96442960E+00 -0.25350200E-02 0.20265697E-03 0.14917751E-03
 -0.26464707E+01 0.99428740E+00 -0.27266486E-02 0.21773077E-03 0.14833896E-03
 -0.26377478E+01 0.10280843E+01 -0.30267488E-02 0.23844420E-03 0.14744732E-03
 -0.26290157E+01 0.10595595E+01 -0.33430971E-02 0.26730877E-03 0.14736275E-03
 -0.26202209E+01 0.10773976E+01 -0.30860278E-02 0.23292450E-03 0.14749484E-03
 -0.26114817E+01 0.11031123E+01 -0.30712876E-02 0.21947117E-03 0.14852634E-03
 -0.26027669E+01 0.11315577E+01 -0.32211748E-02 0.22822335E-03 0.14867369E-03
 -0.25940390E+01 0.11607703E+01 -0.35068066E-02 0.25440860E-03 0.14882221E-03
 -0.25853149E+01 0.11882815E+01 -0.37125034E-02 0.27244883E-03 0.14967945E-03
 -0.25766018E+01 0.12126922E+01 -0.37487873E-02 0.27003450E-03 0.14803878E-03
 -0.25678918E+01 0.12409526E+01 -0.39704264E-02 0.28616479E-03 0.14674214E-03
 -0.25591746E+01 0.12670253E+01 -0.41398119E-02 0.30472849E-03 0.14715276E-03
 -0.25504342E+01 0.12878400E+01 -0.40296731E-02 0.28346430E-03 0.14781532E-03
 -0.25416800E+01 0.13133947E+01 -0.42081057E-02 0.30112460E-03 0.14824414E-03
 -0.25329667E+01 0.13397217E+01 -0.43504730E-02 0.30874800E-03 0.14765035E-03
 -0.25242330E+01 0.13677418E+01 -0.45383863E-02 0.31593793E-03 0.14679189E-03
 -0.25154685E+01 0.13920258E+01 -0.46955553E-02 0.32918408E-03 0.14500508E-03
 -0.25067037E+01 0.14122427E+01 -0.46251085E-02 0.31505848E-03 0.14454982E-03
 -0.24979191E+01 0.14379673E+01 -0.47923762E-02 0.32227288E-03 0.14449133E-03
 -0.24891307E+01 0.14644592E+01 -0.51083553E-02 0.35515139E-03 0.14463626E-03
 -0.24803186E+01 0.14873976E+01 -0.51549970E-02 0.34922027E-03 0.14567343E-03
 -0.24714785E+01 0.15061286E+01 -0.50619428E-02 0.33248454E-03 0.14562254E-03
 -0.24626456E+01 0.15274357E+01 -0.50557367E-02 0.32681244E-03 0.14463058E-03
 -0.24537490E+01 0.15496257E+01 -0.52027688E-02 0.34020532E-03 0.14474673E-03
 -0.24448449E+01 0.15668729E+01 -0.51255840E-02 0.32996636E-03 0.14468891E-03
 -0.24359084E+01 0.15880671E+01 -0.51957399E-02 0.32967601E-03 0.14178639E-03
 -0.24269857E+01 0.16087459E+01 -0.52111670E-02 0.32302785E-03 0.14374920E-03
 -0.24179718E+01 0.16215215E+01 -0.49035891E-02 0.28471384E-03 0.14329853E-03
 -0.24090079E+01 0.16463101E+01 -0.50288926E-02 0.28558091E-03 0.14346089E-03
 -0.23999756E+01 0.16666349E+01 -0.50165704E-02 0.27558527E-03 0.14517908E-03
 -0.23909092E+01 0.16840511E+01 -0.49405308E-02 0.26346428E-03 0.14613464E-03
 -0.23818233E+01 0.17085666E+01 -0.52125854E-02 0.28840862E-03 0.14690363E-03
 -0.23726870E+01 0.17274287E+01 -0.51873208E-02 0.27745224E-03 0.14661808E-03
 -0.23635241E+01 0.17468687E+01 -0.51254160E-02 0.25992783E-03 0.14596816E-03
 -0.23542918E+01 0.17662007E+01 -0.51989441E-02 0.26380082E-03 0.14632376E-03
 -0.23450566E+01 0.17885713E+01 -0.52291239E-02 0.25386679E-03 0.14714652E-03
 -0.23357692E+01 0.18099274E+01 -0.52844368E-02 0.25147270E-03 0.14857733E-03
 -0.23264096E+01 0.18277837E+01 -0.52202171E-02 0.23639549E-03 0.14923150E-03
 -0.23169955E+01 0.18479750E+01 -0.53110086E-02 0.23780568E-03 0.15158906E-03
 -0.23075111E+01 0.18669924E+01 -0.54362412E-02 0.25014270E-03 0.15196030E-03
 -0.22979841E+01 0.18864758E+01 -0.55703666E-02 0.26335509E-03 0.15176167E-03
 -0.22883973E+01 0.19076304E+01 -0.57735794E-02 0.28169883E-03 0.15122930E-03
 -0.22787839E+01 0.19282722E+01 -0.58896930E-02 0.28945101E-03 0.15149417E-03
 -0.22691072E+01 0.19513640E+01 -0.61222045E-02 0.31041938E-03 0.15176703E-03
 -0.22593738E+01 0.19728901E+01 -0.61904848E-02 0.30782453E-03 0.14997597E-03
 -0.22495370E+01 0.19927026E+01 -0.62223659E-02 0.30430493E-03 0.14924372E-03
 -0.22395997E+01 0.20088696E+01 -0.61510481E-02 0.29194920E-03 0.14904390E-03
 -0.22296237E+01 0.20276712E+01 -0.60870916E-02 0.27517550E-03 0.14903882E-03
 -0.22195258E+01 0.20491310E+01 -0.62660197E-02 0.28721126E-03 0.14943240E-03
 -0.22093471E+01 0.20669748E+01 -0.63117507E-02 0.28947995E-03 0.15104503E-03
 -0.21991114E+01 0.20853703E+01 -0.63112600E-02 0.28330402E-03 0.15261693E-03
 -0.21887251E+01 0.21016767E+01 -0.63986168E-02 0.29718039E-03 0.15175762E-03
 -0.21783053E+01 0.21263100E+01 -0.67131952E-02 0.32496436E-03 0.15223174E-03
 -0.21677331E+01 0.21449974E+01 -0.67461129E-02 0.32422576E-03 0.14958570E-03
 -0.21570770E+01 0.21666777E+01 -0.70006627E-02 0.35311762E-03 0.14845226E-03
 -0.21463356E+01 0.21924959E+01 -0.72811505E-02 0.37090396E-03 0.14934118E-03
 -0.21354414E+01 0.22063832E+01 -0.70540524E-02 0.33750500E-03 0.14775848E-03
 -0.21244546E+01 0.22326029E+01 -0.73597111E-02 0.36152462E-03 0.14778805E-03
 -0.21132912E+01 0.22503381E+01 -0.73350655E-02 0.35458310E-03 0.14813203E-03
 -0.21019747E+01 0.22681188E+01 -0.74075370E-02 0.36252538E-03 0.14934947E-03
 -0.20905350E+01 0.22846083E+01 -0.71936525E-02 0.32560053E-03 0.14858322E-03
 -0.20789085E+01 0.22966232E+01 -0.69619645E-02 0.30072033E-03 0.14903960E-03
 -0.20671834E+01 0.23237229E+01 -0.72898274E-02 0.33042582E-03 0.14907588E-03
 -0.20552716E+01 0.23506157E+01 -0.76221125E-02 0.36352663E-03 0.15082839E-03
 -0.20431076E+01 0.23634605E+01 -0.73492090E-02 0.32826477E-03 0.14870384E-03
 -0.20308061E+01 0.23915624E+01 -0.77510949E-02 0.36961507E-03 0.14988991E-03
 -0.20182684E+01 0.24091712E+01 -0.76277966E-02 0.34825988E-03 0.15090856E-03
 -0.20055397E+01 0.24303342E+01 -0.76378509E-02 0.34427290E-03 0.15502083E-03
 -0.19925612E+01 0.24427618E+01 -0.72997613E-02 0.30748027E-03 0.15770334E-03
 -0.19793097E+01 0.24574477E+01 -0.70166211E-02 0.26712594E-03 0.15889561E-03
 -0.19658307E+01 0.24808180E+01 -0.71745670E-02 0.29073018E-03 0.15714036E-03
 -0.19520947E+01 0.25037053E+01 -0.71458470E-02 0.28042922E-03 0.16116375E-03
 -0.19380354E+01 0.25255952E+01 -0.71620998E-02 0.28224768E-03 0.16422387E-03
 -0.19237247E+01 0.25524914E+01 -0.72608438E-02 0.29502305E-03 0.16791921E-03
 -0.19089794E+01 0.25731206E+01 -0.71685477E-02 0.28694014E-03 0.17031407E-03
 -0.18939056E+01 0.25893487E+01 -0.67499554E-02 0.23828609E-03 0.17396111E-03
 -0.18784665E+01 0.26188269E+01 -0.69234367E-02 0.25771955E-03 0.17619015E-03
 -0.18626129E+01 0.26441635E+01 -0.69309056E-02 0.26837690E-03 0.17819473E-03
 -0.18463107E+01 0.26717519E+01 -0.67848791E-02 0.24846460E-03 0.17894382E-03
 -0.18294964E+01 0.26970626E+01 -0.66795282E-02 0.24094220E-03 0.17971948E-03
 -0.18121519E+01 0.27226276E+01 -0.64706013E-02 0.22631732E-03 0.18166240E-03
 -0.17943050E+01 0.27696500E+01 -0.70506635E-02 0.29374986E-03 0.18740707E-03
 -0.17757788E+01 0.28017046E+01 -0.68983294E-02 0.28597610E-03 0.19105891E-03
 -0.17564614E+01 0.28316507E+01 -0.67234832E-02 0.27156104E-03 0.19185347E-03
 -0.17364313E+01 0.28623071E+01 -0.63886224E-02 0.24155891E-03 0.19405565E-03
 -0.17155961E+01 0.29008465E+01 -0.62217830E-02 0.22689458E-03 0.19945852E-03
 -0.16937913E+01 0.29417622E+01 -0.60583406E-02 0.21923094E-03 0.20745016E-03
 -0.16709473E+01 0.29909496E+01 -0.61556125E-02 0.23914425E-03 0.21318191E-03
 -0.16469227E+01 0.30383471E+01 -0.60215392E-02 0.23890145E-03 0.21370155E-03
 -0.16216000E+01 0.31023443E+01 -0.62201963E-02 0.25097737E-03 0.22171354E-03
 -0.15947233E+01 0.31634536E+01 -0.61876393E-02 0.25438676E-03 0.22920147E-03
 -0.15660678E+01 0.32197385E+01 -0.56579585E-02 0.19895439E-03 0.23512892E-03
 -0.15353364E+01 0.32757869E+01 -0.47236611E-02 0.86427853E-04 0.24228432E-03
 -0.15022683E+01 0.33583453E+01 -0.48412107E-02 0.97859651E-04 0.25203299E-03
 -0.14662991E+01 0.34209745E+01 -0.35966784E-02 -0.52688419E-04 0.25952718E-03
 -0.14270696E+01 0.35417225E+01 -0.47647106E-02 0.44697350E-04 0.27612735E-03
 -0.13835120E+01 0.36564781E+01 -0.55534569E-02 0.11984729E-03 0.28959958E-03
 -0.13344741E+01 0.37190288E+01 -0.34018882E-02 -0.15712848E-03 0.30889319E-03
 -0.12785382E+01 0.38273460E+01 -0.34973265E-02 -0.15613036E-03 0.33172354E-03
 -0.12137196E+01 0.39674910E+01 -0.39471264E-02 -0.14752430E-03 0.35140726E-03
 -0.11357222E+01 0.40927243E+01 -0.23397571E-02 -0.41513961E-03 0.40555065E-03
 -0.10378977E+01 0.42955459E+01 -0.31650432E-02 -0.37556443E-03 0.45836414E-03
 -0.90410151E+00 0.44773428E+01 -0.14652694E-02 -0.59278223E-03 0.54475101E-03
 -0.87017296E+00 0.44960450E+01 0.12943219E-03 -0.76701223E-03 0.57502434E-03
 -0.83295247E+00 0.45523037E+01 0.66031994E-03 -0.81734922E-03 0.59765453E-03
 -0.79098705E+00 0.46252113E+01 -0.24608024E-03 -0.66884735E-03 0.62859429E-03
 -0.74368471E+00 0.47785614E+01 -0.35234106E-02 -0.28331360E-03 0.67395380E-03
 -0.68793004E+00 0.48608569E+01 -0.27060584E-02 -0.37951270E-03 0.71736240E-03
 -0.62135061E+00 0.50191029E+01 -0.40111762E-02 -0.24629119E-03 0.76843086E-03
 -0.53713089E+00 0.52363126E+01 -0.85202349E-02 0.30836358E-03 0.88049705E-03
 -0.42130055E+00 0.55870257E+01 -0.17197239E-01 0.14636484E-02 0.10289647E-02
 -0.23042415E+00 0.57049534E+01 -0.72907320E-02 0.52255375E-03 0.14000458E-02
 -0.53426997E-01 0.64252493E+01 -0.21415253E-01 0.22828246E-02 0.18425773E-02
 0.18011565E+00 0.65999319E+01 -0.15950317E-02 0.65571938E-03 0.28036184E-02
 0.33688637E+00 0.70433319E+01 -0.19625372E-02 0.13556601E-02 0.38751003E-02
