Copyright (c) James G. MacKinnon, 1999
ecmnc     5  5  7   25
 -0.57167691E+01 -0.28539222E+02 -0.64206537E-01 -0.51095114E-02 0.41688931E-02
 -0.55551977E+01 -0.25254324E+02 -0.49644361E-01 -0.35253615E-02 0.26165293E-02
 -0.53282784E+01 -0.21220156E+02 -0.22300342E-01 -0.34360410E-02 0.20038368E-02
 -0.51488075E+01 -0.17692098E+02 -0.25558198E-01 -0.17680350E-02 0.14824240E-02
 -0.49569880E+01 -0.14765205E+02 -0.10319748E-01 -0.21030011E-02 0.10696848E-02
 -0.48387138E+01 -0.13129668E+02 -0.57713980E-03 -0.24274618E-02 0.93898215E-03
 -0.47518759E+01 -0.11857362E+02 0.53034064E-03 -0.22499436E-02 0.85023289E-03
 -0.46832259E+01 -0.10891917E+02 0.23444976E-02 -0.22323619E-02 0.74768494E-03
 -0.46256249E+01 -0.10108593E+02 0.24128296E-02 -0.19952281E-02 0.71159267E-03
 -0.45760154E+01 -0.94326014E+01 0.18432878E-02 -0.17735011E-02 0.67782562E-03
 -0.45327229E+01 -0.88040995E+01 0.28041162E-03 -0.15617135E-02 0.64497759E-03
 -0.44937585E+01 -0.82379045E+01 -0.34166921E-02 -0.10421679E-02 0.60701622E-03
 -0.44580445E+01 -0.78467738E+01 -0.15601418E-02 -0.11547063E-02 0.58867090E-03
 -0.43169041E+01 -0.60767687E+01 -0.59968224E-02 -0.43181051E-03 0.50531198E-03
 -0.42107144E+01 -0.49823813E+01 -0.31679113E-02 -0.62075881E-03 0.45808311E-03
 -0.41253635E+01 -0.40709357E+01 -0.45406629E-02 -0.43380468E-03 0.42280335E-03
 -0.40535077E+01 -0.32976146E+01 -0.74470687E-02 -0.10957196E-03 0.38821248E-03
 -0.39905052E+01 -0.27266604E+01 -0.64796136E-02 -0.21500553E-03 0.36823632E-03
 -0.39344310E+01 -0.22222336E+01 -0.69583294E-02 -0.13584669E-03 0.35011754E-03
 -0.38836875E+01 -0.17800088E+01 -0.72591457E-02 -0.11674033E-03 0.35080168E-03
 -0.38372640E+01 -0.13970458E+01 -0.71286467E-02 -0.12597967E-03 0.34440786E-03
 -0.37944103E+01 -0.10613105E+01 -0.64164001E-02 -0.22496785E-03 0.33218256E-03
 -0.37545581E+01 -0.73680262E+00 -0.65207436E-02 -0.24776815E-03 0.32221865E-03
 -0.37172170E+01 -0.42517448E+00 -0.73335959E-02 -0.18550378E-03 0.31534906E-03
 -0.36819362E+01 -0.14232304E+00 -0.80218149E-02 -0.13670785E-03 0.30953524E-03
 -0.36484125E+01 0.91975218E-01 -0.80334417E-02 -0.13175871E-03 0.29472734E-03
 -0.36164442E+01 0.29370490E+00 -0.71698352E-02 -0.21987320E-03 0.28824660E-03
 -0.35860492E+01 0.50967660E+00 -0.72561490E-02 -0.23792536E-03 0.27753810E-03
 -0.35568590E+01 0.70149515E+00 -0.73156979E-02 -0.23719417E-03 0.27801962E-03
 -0.35289795E+01 0.91410894E+00 -0.83789856E-02 -0.15148733E-03 0.27831042E-03
 -0.35020265E+01 0.10976321E+01 -0.89074606E-02 -0.11419235E-03 0.27230968E-03
 -0.34759171E+01 0.12634780E+01 -0.90349592E-02 -0.11526393E-03 0.26398734E-03
 -0.34507044E+01 0.14139431E+01 -0.87932903E-02 -0.15644599E-03 0.26068301E-03
 -0.34263095E+01 0.15642916E+01 -0.88809916E-02 -0.16792731E-03 0.26068195E-03
 -0.34026751E+01 0.17239850E+01 -0.95319140E-02 -0.12798982E-03 0.25938320E-03
 -0.33796451E+01 0.18539821E+01 -0.95085026E-02 -0.13110979E-03 0.25377159E-03
 -0.33572716E+01 0.19930789E+01 -0.99437069E-02 -0.10341057E-03 0.25391209E-03
 -0.33354738E+01 0.21277477E+01 -0.10369839E-01 -0.82084929E-04 0.25384994E-03
 -0.33142364E+01 0.22609654E+01 -0.11051817E-01 -0.31008519E-04 0.24910059E-03
 -0.32933547E+01 0.23681721E+01 -0.10994659E-01 -0.44328921E-04 0.24519798E-03
 -0.32729386E+01 0.24747116E+01 -0.11016345E-01 -0.50635155E-04 0.23914937E-03
 -0.32530333E+01 0.25850152E+01 -0.11169640E-01 -0.56882006E-04 0.23463397E-03
 -0.32334591E+01 0.26941026E+01 -0.11497226E-01 -0.35938745E-04 0.23607676E-03
 -0.32143348E+01 0.27961570E+01 -0.11630645E-01 -0.41518067E-04 0.23381023E-03
 -0.31955964E+01 0.29082721E+01 -0.12293144E-01 0.36805196E-05 0.23000724E-03
 -0.31771192E+01 0.30082891E+01 -0.12754944E-01 0.34822740E-04 0.23069621E-03
 -0.31589348E+01 0.30870750E+01 -0.12316814E-01 -0.26089635E-04 0.23332686E-03
 -0.31411069E+01 0.31779035E+01 -0.12497387E-01 -0.18650792E-04 0.23118066E-03
 -0.31235355E+01 0.32670782E+01 -0.12764842E-01 -0.80673406E-05 0.22568763E-03
 -0.31061713E+01 0.33400416E+01 -0.12401059E-01 -0.60434392E-04 0.22067939E-03
 -0.30891453E+01 0.34271384E+01 -0.12751091E-01 -0.38095764E-04 0.21864030E-03
 -0.30723678E+01 0.35160238E+01 -0.13329451E-01 0.74548322E-05 0.21757599E-03
 -0.30557217E+01 0.35834280E+01 -0.13003569E-01 -0.40482045E-04 0.21559994E-03
 -0.30394504E+01 0.36725488E+01 -0.13608795E-01 0.99214224E-07 0.21085081E-03
 -0.30232720E+01 0.37460669E+01 -0.13839706E-01 0.13863328E-04 0.20910090E-03
 -0.30073359E+01 0.38298473E+01 -0.14472202E-01 0.61032940E-04 0.21038471E-03
 -0.29915424E+01 0.38958530E+01 -0.14447162E-01 0.43833618E-04 0.21050114E-03
 -0.29759412E+01 0.39701730E+01 -0.14855025E-01 0.69301299E-04 0.20797163E-03
 -0.29604690E+01 0.40337577E+01 -0.14990161E-01 0.75556018E-04 0.20702220E-03
 -0.29452076E+01 0.41009972E+01 -0.15128547E-01 0.74696559E-04 0.20426969E-03
 -0.29300538E+01 0.41656946E+01 -0.15461973E-01 0.10260253E-03 0.20388313E-03
 -0.29150766E+01 0.42299072E+01 -0.15659151E-01 0.10620382E-03 0.20175954E-03
 -0.29001581E+01 0.42842053E+01 -0.15699550E-01 0.10512892E-03 0.20368967E-03
 -0.28854789E+01 0.43532387E+01 -0.16314960E-01 0.15715300E-03 0.20402136E-03
 -0.28708472E+01 0.44019155E+01 -0.16111976E-01 0.12822523E-03 0.20278590E-03
 -0.28563092E+01 0.44526410E+01 -0.16065629E-01 0.11082324E-03 0.20178902E-03
 -0.28418909E+01 0.45073233E+01 -0.16281275E-01 0.11727869E-03 0.19959053E-03
 -0.28276956E+01 0.45733051E+01 -0.16939947E-01 0.17181061E-03 0.19922725E-03
 -0.28135665E+01 0.46340674E+01 -0.17442414E-01 0.20968853E-03 0.20100101E-03
 -0.27995380E+01 0.46850213E+01 -0.17511208E-01 0.20573091E-03 0.20231582E-03
 -0.27855905E+01 0.47345982E+01 -0.17664896E-01 0.21398238E-03 0.20175768E-03
 -0.27717461E+01 0.47813611E+01 -0.17687965E-01 0.20863013E-03 0.20118118E-03
 -0.27579334E+01 0.48268292E+01 -0.17742359E-01 0.20549514E-03 0.19751104E-03
 -0.27442770E+01 0.48819391E+01 -0.18135262E-01 0.23221024E-03 0.19982738E-03
 -0.27306624E+01 0.49313936E+01 -0.18398916E-01 0.24801170E-03 0.19957170E-03
 -0.27171782E+01 0.49883717E+01 -0.18932773E-01 0.28934286E-03 0.20147492E-03
 -0.27037234E+01 0.50392462E+01 -0.19195336E-01 0.29572517E-03 0.20186773E-03
 -0.26903135E+01 0.50745061E+01 -0.18942308E-01 0.25965656E-03 0.20199060E-03
 -0.26769294E+01 0.51084786E+01 -0.18712340E-01 0.22808222E-03 0.20046988E-03
 -0.26636553E+01 0.51508633E+01 -0.18772381E-01 0.22231110E-03 0.20092147E-03
 -0.26504167E+01 0.51906592E+01 -0.18860749E-01 0.22287766E-03 0.20219736E-03
 -0.26372479E+01 0.52332977E+01 -0.19041108E-01 0.23165688E-03 0.20308572E-03
 -0.26241329E+01 0.52757770E+01 -0.19321232E-01 0.25469196E-03 0.20333544E-03
 -0.26110656E+01 0.53115700E+01 -0.19358412E-01 0.25281371E-03 0.20323444E-03
 -0.25979863E+01 0.53397272E+01 -0.19107554E-01 0.22359097E-03 0.20257734E-03
 -0.25850755E+01 0.53899883E+01 -0.19688325E-01 0.27200783E-03 0.20291164E-03
 -0.25721918E+01 0.54364859E+01 -0.20142102E-01 0.30835958E-03 0.20159655E-03
 -0.25593060E+01 0.54717509E+01 -0.20165255E-01 0.30023319E-03 0.20144713E-03
 -0.25464451E+01 0.55077161E+01 -0.20192974E-01 0.28810274E-03 0.20077056E-03
 -0.25336305E+01 0.55421501E+01 -0.20221771E-01 0.27859930E-03 0.20281843E-03
 -0.25208488E+01 0.55739369E+01 -0.20117879E-01 0.25624706E-03 0.20106644E-03
 -0.25081350E+01 0.56158644E+01 -0.20540509E-01 0.29086062E-03 0.20232747E-03
 -0.24953867E+01 0.56468387E+01 -0.20527831E-01 0.28271028E-03 0.20207347E-03
 -0.24826409E+01 0.56688969E+01 -0.20199686E-01 0.24602463E-03 0.20295787E-03
 -0.24699493E+01 0.57035541E+01 -0.20382089E-01 0.25853022E-03 0.20100298E-03
 -0.24573250E+01 0.57444825E+01 -0.20746149E-01 0.28026037E-03 0.20181689E-03
 -0.24446480E+01 0.57749668E+01 -0.20850737E-01 0.28554444E-03 0.20047347E-03
 -0.24320353E+01 0.58116868E+01 -0.21188754E-01 0.31030769E-03 0.19960213E-03
 -0.24194414E+01 0.58498186E+01 -0.21485633E-01 0.32355887E-03 0.20070151E-03
 -0.24067975E+01 0.58782454E+01 -0.21477595E-01 0.31419666E-03 0.20352719E-03
 -0.23942113E+01 0.59125123E+01 -0.21726922E-01 0.32985130E-03 0.20392890E-03
 -0.23816736E+01 0.59515433E+01 -0.22073193E-01 0.35007318E-03 0.20411306E-03
 -0.23691551E+01 0.59897627E+01 -0.22416151E-01 0.37116489E-03 0.20463424E-03
 -0.23565559E+01 0.60155731E+01 -0.22369373E-01 0.36110334E-03 0.20345116E-03
 -0.23439658E+01 0.60441611E+01 -0.22493257E-01 0.36444378E-03 0.20514216E-03
 -0.23313644E+01 0.60677068E+01 -0.22449250E-01 0.35222303E-03 0.20434036E-03
 -0.23188620E+01 0.61073718E+01 -0.22967145E-01 0.39263531E-03 0.20564191E-03
 -0.23062472E+01 0.61327650E+01 -0.23054614E-01 0.39575971E-03 0.20552295E-03
 -0.22936551E+01 0.61614454E+01 -0.23237567E-01 0.40733209E-03 0.20442722E-03
 -0.22810346E+01 0.61877259E+01 -0.23322841E-01 0.40685239E-03 0.20531351E-03
 -0.22684026E+01 0.62138700E+01 -0.23453392E-01 0.41117613E-03 0.20377403E-03
 -0.22557369E+01 0.62412645E+01 -0.23687648E-01 0.43186989E-03 0.20311972E-03
 -0.22430758E+01 0.62675055E+01 -0.23793993E-01 0.43297825E-03 0.20577446E-03
 -0.22303899E+01 0.62900317E+01 -0.23790460E-01 0.42454616E-03 0.20734094E-03
 -0.22176828E+01 0.63006816E+01 -0.23233112E-01 0.35957167E-03 0.20904635E-03
 -0.22049785E+01 0.63274159E+01 -0.23430107E-01 0.37411698E-03 0.20604036E-03
 -0.21922227E+01 0.63478231E+01 -0.23469814E-01 0.37323551E-03 0.20516281E-03
 -0.21795218E+01 0.63779770E+01 -0.23737277E-01 0.38749170E-03 0.20721253E-03
 -0.21666737E+01 0.63918256E+01 -0.23413196E-01 0.34688231E-03 0.20588374E-03
 -0.21538553E+01 0.64193115E+01 -0.23829658E-01 0.38441327E-03 0.20597967E-03
 -0.21410348E+01 0.64447923E+01 -0.23999125E-01 0.39232770E-03 0.20709653E-03
 -0.21280977E+01 0.64610608E+01 -0.23885992E-01 0.37464709E-03 0.20921008E-03
 -0.21151347E+01 0.64805087E+01 -0.23964299E-01 0.37682994E-03 0.20916920E-03
 -0.21021532E+01 0.64996087E+01 -0.24015893E-01 0.38226717E-03 0.20893091E-03
 -0.20891397E+01 0.65284948E+01 -0.24446362E-01 0.41738028E-03 0.20958138E-03
 -0.20760785E+01 0.65457627E+01 -0.24339585E-01 0.39796931E-03 0.21045343E-03
 -0.20629468E+01 0.65700086E+01 -0.24669971E-01 0.42466983E-03 0.21052948E-03
 -0.20497560E+01 0.65862351E+01 -0.24717941E-01 0.42988880E-03 0.21048659E-03
 -0.20365860E+01 0.66138603E+01 -0.25055544E-01 0.45398265E-03 0.21319777E-03
 -0.20233818E+01 0.66388078E+01 -0.25286989E-01 0.46799808E-03 0.21289537E-03
 -0.20100658E+01 0.66572145E+01 -0.25284990E-01 0.45707430E-03 0.21368787E-03
 -0.19966278E+01 0.66746858E+01 -0.25391685E-01 0.46397656E-03 0.21548700E-03
 -0.19831696E+01 0.66909023E+01 -0.25298794E-01 0.43846050E-03 0.21645562E-03
 -0.19696460E+01 0.67086821E+01 -0.25372809E-01 0.43785044E-03 0.21882803E-03
 -0.19560672E+01 0.67275705E+01 -0.25500128E-01 0.44487531E-03 0.22305547E-03
 -0.19424025E+01 0.67454435E+01 -0.25642071E-01 0.45761032E-03 0.22233567E-03
 -0.19287000E+01 0.67659330E+01 -0.25781054E-01 0.46375188E-03 0.22561196E-03
 -0.19148977E+01 0.67817902E+01 -0.25810173E-01 0.46126763E-03 0.22630343E-03
 -0.19010426E+01 0.68004582E+01 -0.25983251E-01 0.47242673E-03 0.22874606E-03
 -0.18870075E+01 0.68187825E+01 -0.26248477E-01 0.49434909E-03 0.22781993E-03
 -0.18729615E+01 0.68377271E+01 -0.26389977E-01 0.49826588E-03 0.22906681E-03
 -0.18588388E+01 0.68515074E+01 -0.26287580E-01 0.47674199E-03 0.22783773E-03
 -0.18445921E+01 0.68716221E+01 -0.26623254E-01 0.50669731E-03 0.23023136E-03
 -0.18302750E+01 0.68858085E+01 -0.26645880E-01 0.50608141E-03 0.23193848E-03
 -0.18158337E+01 0.69069119E+01 -0.27004357E-01 0.53794594E-03 0.23184077E-03
 -0.18012559E+01 0.69177893E+01 -0.26996114E-01 0.53822343E-03 0.23494248E-03
 -0.17866039E+01 0.69357589E+01 -0.27138403E-01 0.54571372E-03 0.23248421E-03
 -0.17718442E+01 0.69507812E+01 -0.27270557E-01 0.55739491E-03 0.23020053E-03
 -0.17569040E+01 0.69646119E+01 -0.27528339E-01 0.58426278E-03 0.23394645E-03
 -0.17418828E+01 0.69814318E+01 -0.27739412E-01 0.59992771E-03 0.23479534E-03
 -0.17266967E+01 0.70029204E+01 -0.28252743E-01 0.64856730E-03 0.23304329E-03
 -0.17113455E+01 0.70039698E+01 -0.27896619E-01 0.61180380E-03 0.23047457E-03
 -0.16958626E+01 0.70126640E+01 -0.27797302E-01 0.59770483E-03 0.23267094E-03
 -0.16802394E+01 0.70124912E+01 -0.27318517E-01 0.54405575E-03 0.23293356E-03
 -0.16644252E+01 0.70155147E+01 -0.27031505E-01 0.50811642E-03 0.23450528E-03
 -0.16484739E+01 0.70262787E+01 -0.27217741E-01 0.52781213E-03 0.23471262E-03
 -0.16324347E+01 0.70441491E+01 -0.27516742E-01 0.54947712E-03 0.23760320E-03
 -0.16160984E+01 0.70430347E+01 -0.27176182E-01 0.51306685E-03 0.23981340E-03
 -0.15996587E+01 0.70548283E+01 -0.27382418E-01 0.53032547E-03 0.24337560E-03
 -0.15830664E+01 0.70682427E+01 -0.27581331E-01 0.54644444E-03 0.24233191E-03
 -0.15662759E+01 0.70841047E+01 -0.27920855E-01 0.57907446E-03 0.24306369E-03
 -0.15491603E+01 0.70816745E+01 -0.27655226E-01 0.55734908E-03 0.24569880E-03
 -0.15318560E+01 0.70811430E+01 -0.27379402E-01 0.52919632E-03 0.24738885E-03
 -0.15144026E+01 0.70914125E+01 -0.27624124E-01 0.55414168E-03 0.24591427E-03
 -0.14967351E+01 0.71031597E+01 -0.27770676E-01 0.56305149E-03 0.24858318E-03
 -0.14787275E+01 0.71069733E+01 -0.27855321E-01 0.58052217E-03 0.24892275E-03
 -0.14604735E+01 0.71032596E+01 -0.27495558E-01 0.54463251E-03 0.24611516E-03
 -0.14420220E+01 0.71159982E+01 -0.27790642E-01 0.57105352E-03 0.24983931E-03
 -0.14231830E+01 0.71108165E+01 -0.27458091E-01 0.53819035E-03 0.25344581E-03
 -0.14040571E+01 0.71097319E+01 -0.27396372E-01 0.53706946E-03 0.25473345E-03
 -0.13847144E+01 0.71193799E+01 -0.27631637E-01 0.55837139E-03 0.25662362E-03
 -0.13650129E+01 0.71185729E+01 -0.27497544E-01 0.54755942E-03 0.25666820E-03
 -0.13449553E+01 0.71225736E+01 -0.27528315E-01 0.55093880E-03 0.26119743E-03
 -0.13245918E+01 0.71279309E+01 -0.27645598E-01 0.56808734E-03 0.26330064E-03
 -0.13038470E+01 0.71365618E+01 -0.27847289E-01 0.58331617E-03 0.26938976E-03
 -0.12826366E+01 0.71320086E+01 -0.27607588E-01 0.56139148E-03 0.26929604E-03
 -0.12609922E+01 0.71331135E+01 -0.27650229E-01 0.56367102E-03 0.27285129E-03
 -0.12388864E+01 0.71274146E+01 -0.27392395E-01 0.54013315E-03 0.27788875E-03
 -0.12162711E+01 0.71180471E+01 -0.27112045E-01 0.52248207E-03 0.28369639E-03
 -0.11932875E+01 0.71311251E+01 -0.27617398E-01 0.56935352E-03 0.28484512E-03
 -0.11697324E+01 0.71335223E+01 -0.27810468E-01 0.59668343E-03 0.28601132E-03
 -0.11455193E+01 0.71258754E+01 -0.27607048E-01 0.58299626E-03 0.29114844E-03
 -0.11207247E+01 0.71298119E+01 -0.27930452E-01 0.61941180E-03 0.29167076E-03
 -0.10951244E+01 0.71000582E+01 -0.26979618E-01 0.53895136E-03 0.29538763E-03
 -0.10690318E+01 0.71069667E+01 -0.27358007E-01 0.58093627E-03 0.29740366E-03
 -0.10420213E+01 0.70901140E+01 -0.26932299E-01 0.55173002E-03 0.30493873E-03
 -0.10143082E+01 0.70961194E+01 -0.27318019E-01 0.59354241E-03 0.30607207E-03
 -0.98563303E+00 0.70962260E+01 -0.27641762E-01 0.62922706E-03 0.30836806E-03
 -0.95592806E+00 0.70921452E+01 -0.27881608E-01 0.65818012E-03 0.30757577E-03
 -0.92511944E+00 0.70665363E+01 -0.27390581E-01 0.63275913E-03 0.31528857E-03
 -0.89320087E+00 0.70441826E+01 -0.26932075E-01 0.60370169E-03 0.31544150E-03
 -0.86007291E+00 0.70199489E+01 -0.26250078E-01 0.53974834E-03 0.32435189E-03
 -0.82542508E+00 0.69882791E+01 -0.25376703E-01 0.45811608E-03 0.33196387E-03
 -0.78934229E+00 0.69753537E+01 -0.25314520E-01 0.46545954E-03 0.34451588E-03
 -0.75139566E+00 0.69446842E+01 -0.24805034E-01 0.43404816E-03 0.34779259E-03
 -0.71166410E+00 0.69279238E+01 -0.24746401E-01 0.44621067E-03 0.35694815E-03
 -0.66954740E+00 0.68770399E+01 -0.23668712E-01 0.37784787E-03 0.36622427E-03
 -0.62500399E+00 0.68572380E+01 -0.23890678E-01 0.41977136E-03 0.37053743E-03
 -0.57739012E+00 0.68128603E+01 -0.23264322E-01 0.39207501E-03 0.38243209E-03
 -0.52646997E+00 0.67584346E+01 -0.22308449E-01 0.33726596E-03 0.39452806E-03
 -0.47164206E+00 0.67116738E+01 -0.21387718E-01 0.26810001E-03 0.40346909E-03
 -0.41208049E+00 0.66631224E+01 -0.20792159E-01 0.25559331E-03 0.41572185E-03
 -0.34653464E+00 0.66145331E+01 -0.20553826E-01 0.28220224E-03 0.44429248E-03
 -0.27385216E+00 0.65560188E+01 -0.19478361E-01 0.20903377E-03 0.47275226E-03
 -0.19147650E+00 0.64829694E+01 -0.18479104E-01 0.17192591E-03 0.49541788E-03
 -0.96005104E-01 0.63698984E+01 -0.16150717E-01 0.19187803E-04 0.50622753E-03
 0.17387605E-01 0.63147307E+01 -0.16879378E-01 0.21131347E-03 0.56836742E-03
 0.15905214E+00 0.61548321E+01 -0.13038976E-01 -0.43497173E-04 0.64738641E-03
 0.35062638E+00 0.60302283E+01 -0.10629451E-01 -0.95016185E-04 0.76946850E-03
 0.39923789E+00 0.58941669E+01 -0.55004689E-02 -0.55501236E-03 0.80112406E-03
 0.45241753E+00 0.58996734E+01 -0.61215321E-02 -0.44581917E-03 0.84789864E-03
 0.51214208E+00 0.58549442E+01 -0.53998432E-02 -0.41588852E-03 0.90799755E-03
 0.57966080E+00 0.58850954E+01 -0.63864897E-02 -0.28926682E-03 0.94322679E-03
 0.65952375E+00 0.57878048E+01 -0.34623344E-02 -0.43225618E-03 0.10027223E-02
 0.75526103E+00 0.56360284E+01 0.18563060E-02 -0.75390357E-03 0.10919031E-02
 0.87481734E+00 0.55415098E+01 0.82231887E-02 -0.12666493E-02 0.11882897E-02
 0.10393939E+01 0.54165422E+01 0.14836770E-01 -0.16434452E-02 0.14087888E-02
 0.13059533E+01 0.53585832E+01 0.29211537E-01 -0.28249703E-02 0.18030800E-02
 0.15598082E+01 0.55629813E+01 0.27543439E-01 -0.18266418E-02 0.25131921E-02
 0.18740252E+01 0.67632782E+01 -0.41262013E-02 0.24669414E-02 0.36567704E-02
 0.20966571E+01 0.79766386E+01 -0.27137106E-01 0.56194890E-02 0.49816347E-02
ecmc      5  6  7   30
 -0.60256370E+01 -0.33000750E+02 -0.31045960E-01 -0.93935110E-02 0.46004460E-02
 -0.58665942E+01 -0.30125132E+02 0.37312603E-01 -0.15862550E-01 0.35022342E-02
 -0.56438009E+01 -0.25331003E+02 0.46930511E-01 -0.13409267E-01 0.22438008E-02
 -0.54701584E+01 -0.20795857E+02 -0.11400141E-02 -0.43955582E-02 0.16172436E-02
 -0.52829164E+01 -0.17319442E+02 0.77122359E-02 -0.40168621E-02 0.12494935E-02
 -0.51669839E+01 -0.15474021E+02 0.19145679E-01 -0.47101073E-02 0.10389605E-02
 -0.50821337E+01 -0.14176753E+02 0.29914355E-01 -0.59776115E-02 0.88389615E-03
 -0.50156070E+01 -0.12931002E+02 0.23715417E-01 -0.50035971E-02 0.84296442E-03
 -0.49592165E+01 -0.12060726E+02 0.25167055E-01 -0.49963307E-02 0.79534767E-03
 -0.49111903E+01 -0.11180925E+02 0.18107774E-01 -0.39989942E-02 0.74923180E-03
 -0.48682378E+01 -0.10595679E+02 0.20535903E-01 -0.41048377E-02 0.69644850E-03
 -0.48301100E+01 -0.10092740E+02 0.24303712E-01 -0.45040068E-02 0.65236547E-03
 -0.47951850E+01 -0.96045866E+01 0.23308934E-01 -0.41934521E-02 0.60118571E-03
 -0.46572174E+01 -0.75690973E+01 0.15504476E-01 -0.30183863E-02 0.51604100E-03
 -0.45548601E+01 -0.60983644E+01 0.97912747E-02 -0.24186128E-02 0.45776032E-03
 -0.44714868E+01 -0.51067216E+01 0.95674795E-02 -0.22195891E-02 0.40536166E-03
 -0.44012926E+01 -0.42263917E+01 0.59510720E-02 -0.17622396E-02 0.38853805E-03
 -0.43404873E+01 -0.34756392E+01 0.29555372E-02 -0.14109357E-02 0.36748282E-03
 -0.42860026E+01 -0.28920980E+01 0.27278030E-02 -0.14058707E-02 0.35756350E-03
 -0.42367793E+01 -0.23412346E+01 0.13859804E-03 -0.10521185E-02 0.34853577E-03
 -0.41918907E+01 -0.18233072E+01 -0.27909484E-02 -0.74952209E-03 0.33238054E-03
 -0.41502321E+01 -0.14056470E+01 -0.35530622E-02 -0.67823184E-03 0.31806741E-03
 -0.41114204E+01 -0.10383283E+01 -0.32688765E-02 -0.76711218E-03 0.31297904E-03
 -0.40751247E+01 -0.68100348E+00 -0.41938780E-02 -0.69194294E-03 0.30380591E-03
 -0.40408327E+01 -0.36329668E+00 -0.49206617E-02 -0.62953699E-03 0.29737019E-03
 -0.40083571E+01 -0.51405239E-01 -0.61395103E-02 -0.52967079E-03 0.28803454E-03
 -0.39776327E+01 0.24598055E+00 -0.73807734E-02 -0.42076631E-03 0.29107715E-03
 -0.39482087E+01 0.52486117E+00 -0.90039980E-02 -0.24295882E-03 0.28723140E-03
 -0.39200857E+01 0.79142719E+00 -0.10479645E-01 -0.10606580E-03 0.29083687E-03
 -0.38930774E+01 0.10335343E+01 -0.11325915E-01 -0.67539487E-04 0.28565884E-03
 -0.38670088E+01 0.12466800E+01 -0.11675705E-01 -0.43947027E-04 0.28674442E-03
 -0.38417243E+01 0.14391203E+01 -0.11654374E-01 -0.70883672E-04 0.27792828E-03
 -0.38175072E+01 0.16494968E+01 -0.12551023E-01 0.53841036E-06 0.27447605E-03
 -0.37939632E+01 0.18433490E+01 -0.13372830E-01 0.75324181E-04 0.26703418E-03
 -0.37711294E+01 0.20305136E+01 -0.14188405E-01 0.14560499E-03 0.26303518E-03
 -0.37488893E+01 0.21749997E+01 -0.13269362E-01 0.18686369E-04 0.26552027E-03
 -0.37273089E+01 0.23301242E+01 -0.13169828E-01 -0.21635097E-04 0.26179565E-03
 -0.37063134E+01 0.24908507E+01 -0.13593786E-01 -0.86777639E-05 0.25926312E-03
 -0.36858046E+01 0.26440376E+01 -0.14008122E-01 0.12062458E-04 0.25892146E-03
 -0.36657345E+01 0.27834385E+01 -0.14169383E-01 0.20466142E-04 0.25358616E-03
 -0.36461570E+01 0.29282786E+01 -0.14841338E-01 0.84103894E-04 0.25158942E-03
 -0.36269827E+01 0.30623292E+01 -0.14742718E-01 0.25843745E-04 0.24797710E-03
 -0.36082524E+01 0.32051500E+01 -0.15340915E-01 0.56153915E-04 0.24111188E-03
 -0.35898364E+01 0.33384231E+01 -0.16004902E-01 0.11897517E-03 0.24398238E-03
 -0.35717966E+01 0.34764873E+01 -0.16973719E-01 0.20616156E-03 0.24042928E-03
 -0.35540619E+01 0.35936145E+01 -0.16924866E-01 0.15208054E-03 0.24111148E-03
 -0.35366053E+01 0.37167211E+01 -0.17628304E-01 0.21499668E-03 0.23917899E-03
 -0.35194924E+01 0.38358393E+01 -0.18293151E-01 0.27267827E-03 0.23934890E-03
 -0.35025962E+01 0.39474954E+01 -0.18762403E-01 0.30724619E-03 0.23520764E-03
 -0.34860240E+01 0.40644492E+01 -0.19594265E-01 0.38691072E-03 0.23196055E-03
 -0.34696456E+01 0.41704050E+01 -0.19926495E-01 0.39893673E-03 0.23166066E-03
 -0.34535426E+01 0.42757804E+01 -0.20298817E-01 0.41575535E-03 0.23357235E-03
 -0.34376342E+01 0.43799107E+01 -0.20820149E-01 0.45388337E-03 0.23420663E-03
 -0.34220619E+01 0.45043857E+01 -0.22227168E-01 0.57901904E-03 0.23302454E-03
 -0.34065888E+01 0.45950416E+01 -0.22145781E-01 0.52681104E-03 0.23288212E-03
 -0.33913344E+01 0.46939404E+01 -0.22728284E-01 0.57443158E-03 0.23398625E-03
 -0.33762816E+01 0.48042852E+01 -0.23841850E-01 0.67812001E-03 0.23183413E-03
 -0.33613186E+01 0.48940856E+01 -0.24273035E-01 0.71695553E-03 0.23018420E-03
 -0.33465450E+01 0.49796282E+01 -0.24370312E-01 0.69200511E-03 0.22942935E-03
 -0.33318683E+01 0.50581124E+01 -0.24394249E-01 0.67059238E-03 0.22822478E-03
 -0.33174205E+01 0.51491547E+01 -0.25010040E-01 0.72503550E-03 0.22631373E-03
 -0.33031333E+01 0.52426207E+01 -0.25671812E-01 0.77227708E-03 0.22429994E-03
 -0.32889767E+01 0.53305389E+01 -0.26070069E-01 0.77704478E-03 0.22219908E-03
 -0.32749179E+01 0.54159247E+01 -0.26727801E-01 0.83660805E-03 0.22176145E-03
 -0.32610053E+01 0.54972577E+01 -0.27050210E-01 0.83529492E-03 0.21920507E-03
 -0.32471491E+01 0.55690027E+01 -0.27062912E-01 0.80350149E-03 0.21970009E-03
 -0.32334317E+01 0.56397504E+01 -0.27008945E-01 0.75901190E-03 0.21867430E-03
 -0.32198614E+01 0.57203587E+01 -0.27559410E-01 0.79683141E-03 0.21712882E-03
 -0.32063578E+01 0.57977308E+01 -0.28136384E-01 0.84048073E-03 0.21656670E-03
 -0.31930066E+01 0.58746124E+01 -0.28455005E-01 0.83047694E-03 0.21736975E-03
 -0.31796639E+01 0.59403129E+01 -0.28702338E-01 0.85020462E-03 0.21646687E-03
 -0.31664044E+01 0.60058270E+01 -0.28892389E-01 0.84883876E-03 0.21513472E-03
 -0.31532858E+01 0.60788967E+01 -0.29491670E-01 0.89850614E-03 0.21324046E-03
 -0.31402513E+01 0.61481578E+01 -0.29844898E-01 0.91123194E-03 0.21240459E-03
 -0.31273428E+01 0.62246718E+01 -0.30601034E-01 0.97277096E-03 0.20873350E-03
 -0.31144449E+01 0.62937262E+01 -0.31106740E-01 0.10098869E-02 0.20574263E-03
 -0.31016734E+01 0.63681685E+01 -0.31853068E-01 0.10713011E-02 0.20729849E-03
 -0.30889019E+01 0.64280740E+01 -0.32097445E-01 0.10870476E-02 0.20716339E-03
 -0.30762083E+01 0.64989889E+01 -0.32895222E-01 0.11597894E-02 0.20582178E-03
 -0.30636163E+01 0.65610853E+01 -0.33108416E-01 0.11569507E-02 0.20749375E-03
 -0.30510614E+01 0.66234108E+01 -0.33594591E-01 0.12001769E-02 0.20670320E-03
 -0.30385166E+01 0.66742814E+01 -0.33433654E-01 0.11588438E-02 0.20857041E-03
 -0.30260983E+01 0.67285296E+01 -0.33213046E-01 0.10877181E-02 0.20935068E-03
 -0.30136975E+01 0.67880305E+01 -0.33583119E-01 0.11127735E-02 0.20919569E-03
 -0.30013802E+01 0.68497879E+01 -0.33968992E-01 0.11310348E-02 0.20810286E-03
 -0.29891155E+01 0.69159664E+01 -0.34680956E-01 0.11853268E-02 0.20952786E-03
 -0.29768479E+01 0.69751006E+01 -0.35136356E-01 0.12270786E-02 0.20854528E-03
 -0.29646690E+01 0.70277012E+01 -0.35102765E-01 0.11917672E-02 0.20678023E-03
 -0.29524750E+01 0.70814410E+01 -0.35305727E-01 0.11840331E-02 0.20679727E-03
 -0.29403054E+01 0.71346887E+01 -0.35698801E-01 0.12245521E-02 0.20449321E-03
 -0.29282258E+01 0.71887135E+01 -0.36085583E-01 0.12553429E-02 0.20437671E-03
 -0.29161551E+01 0.72411549E+01 -0.36375587E-01 0.12760401E-02 0.20375465E-03
 -0.29040755E+01 0.72847189E+01 -0.36191095E-01 0.12318796E-02 0.20250344E-03
 -0.28920072E+01 0.73258190E+01 -0.35841763E-01 0.11558169E-02 0.20157929E-03
 -0.28799846E+01 0.73704487E+01 -0.35714470E-01 0.11080899E-02 0.20156811E-03
 -0.28680191E+01 0.74211506E+01 -0.35999474E-01 0.11222082E-02 0.19875874E-03
 -0.28560897E+01 0.74762483E+01 -0.36555122E-01 0.11722986E-02 0.19730730E-03
 -0.28441397E+01 0.75246645E+01 -0.36798669E-01 0.11844033E-02 0.19668003E-03
 -0.28321510E+01 0.75654041E+01 -0.36901622E-01 0.11866033E-02 0.19808798E-03
 -0.28202900E+01 0.76182332E+01 -0.37304098E-01 0.12084501E-02 0.19543594E-03
 -0.28083890E+01 0.76650874E+01 -0.37549103E-01 0.12164059E-02 0.19674975E-03
 -0.27965115E+01 0.77181314E+01 -0.38225427E-01 0.12806214E-02 0.19833656E-03
 -0.27846119E+01 0.77615401E+01 -0.38410478E-01 0.12906021E-02 0.19802019E-03
 -0.27727126E+01 0.78027662E+01 -0.38372042E-01 0.12577928E-02 0.19771305E-03
 -0.27608317E+01 0.78480294E+01 -0.38695264E-01 0.12854214E-02 0.20196842E-03
 -0.27489835E+01 0.78995032E+01 -0.39356605E-01 0.13516246E-02 0.20128521E-03
 -0.27371076E+01 0.79407658E+01 -0.39467281E-01 0.13508167E-02 0.20290979E-03
 -0.27252631E+01 0.79876097E+01 -0.39897988E-01 0.13804559E-02 0.20510599E-03
 -0.27134028E+01 0.80320043E+01 -0.40298982E-01 0.14247515E-02 0.20484462E-03
 -0.27015384E+01 0.80718941E+01 -0.40400004E-01 0.14123555E-02 0.20773905E-03
 -0.26896662E+01 0.81183303E+01 -0.40730320E-01 0.14241210E-02 0.20789717E-03
 -0.26777644E+01 0.81645109E+01 -0.41225754E-01 0.14665570E-02 0.20753665E-03
 -0.26659035E+01 0.82114395E+01 -0.41525149E-01 0.14731542E-02 0.20673244E-03
 -0.26540257E+01 0.82618129E+01 -0.42137713E-01 0.15222142E-02 0.20814033E-03
 -0.26420544E+01 0.82952004E+01 -0.42040485E-01 0.15007270E-02 0.20880121E-03
 -0.26300816E+01 0.83336572E+01 -0.42057302E-01 0.14751981E-02 0.21043525E-03
 -0.26181103E+01 0.83792720E+01 -0.42594730E-01 0.15213933E-02 0.21263105E-03
 -0.26060949E+01 0.84102784E+01 -0.42332059E-01 0.14662722E-02 0.21337373E-03
 -0.25941157E+01 0.84549860E+01 -0.42788926E-01 0.15051552E-02 0.21499069E-03
 -0.25821141E+01 0.85059029E+01 -0.43577627E-01 0.15815898E-02 0.21355299E-03
 -0.25699944E+01 0.85405449E+01 -0.43666096E-01 0.15769981E-02 0.21122781E-03
 -0.25579162E+01 0.85843845E+01 -0.44150281E-01 0.16129732E-02 0.21213002E-03
 -0.25457843E+01 0.86110479E+01 -0.43717439E-01 0.15375705E-02 0.21275971E-03
 -0.25336479E+01 0.86543620E+01 -0.44194594E-01 0.15771563E-02 0.21158141E-03
 -0.25214249E+01 0.86902871E+01 -0.44349108E-01 0.15774527E-02 0.21110332E-03
 -0.25091214E+01 0.87247009E+01 -0.44535567E-01 0.15858373E-02 0.21268147E-03
 -0.24968088E+01 0.87575120E+01 -0.44579317E-01 0.15742352E-02 0.21394492E-03
 -0.24844973E+01 0.87981988E+01 -0.44928104E-01 0.15952345E-02 0.21513400E-03
 -0.24721705E+01 0.88419566E+01 -0.45483871E-01 0.16418196E-02 0.21247203E-03
 -0.24597673E+01 0.88755904E+01 -0.45548510E-01 0.16326683E-02 0.21478561E-03
 -0.24472995E+01 0.89174070E+01 -0.46117548E-01 0.16876427E-02 0.21376619E-03
 -0.24347885E+01 0.89486676E+01 -0.46121587E-01 0.16719044E-02 0.21290161E-03
 -0.24222544E+01 0.89938709E+01 -0.46797866E-01 0.17382913E-02 0.21139565E-03
 -0.24096264E+01 0.90281831E+01 -0.46883877E-01 0.17236641E-02 0.20995495E-03
 -0.23969849E+01 0.90728919E+01 -0.47558993E-01 0.17850048E-02 0.20861152E-03
 -0.23842123E+01 0.91051709E+01 -0.47664892E-01 0.17830031E-02 0.21164334E-03
 -0.23714482E+01 0.91477055E+01 -0.48108456E-01 0.18116362E-02 0.21332118E-03
 -0.23585749E+01 0.91860356E+01 -0.48567113E-01 0.18517306E-02 0.21579098E-03
 -0.23456339E+01 0.92242769E+01 -0.48937820E-01 0.18782798E-02 0.21872203E-03
 -0.23326106E+01 0.92655666E+01 -0.49447724E-01 0.19185556E-02 0.22068330E-03
 -0.23194902E+01 0.92987666E+01 -0.49700818E-01 0.19381272E-02 0.22267152E-03
 -0.23063094E+01 0.93386879E+01 -0.50188242E-01 0.19749450E-02 0.22434904E-03
 -0.22930355E+01 0.93724912E+01 -0.50452984E-01 0.19932899E-02 0.22311875E-03
 -0.22797222E+01 0.94142630E+01 -0.50941176E-01 0.20247680E-02 0.22454739E-03
 -0.22663191E+01 0.94488851E+01 -0.51093238E-01 0.20198818E-02 0.22802310E-03
 -0.22528426E+01 0.94854687E+01 -0.51304436E-01 0.20170153E-02 0.22964391E-03
 -0.22391737E+01 0.95172666E+01 -0.51616719E-01 0.20467704E-02 0.22839791E-03
 -0.22254515E+01 0.95608470E+01 -0.52474188E-01 0.21440787E-02 0.23016497E-03
 -0.22115012E+01 0.95729027E+01 -0.51829937E-01 0.20487773E-02 0.23050923E-03
 -0.21975157E+01 0.96000173E+01 -0.51833835E-01 0.20275901E-02 0.23464548E-03
 -0.21833684E+01 0.96256026E+01 -0.51943091E-01 0.20353674E-02 0.23425953E-03
 -0.21690913E+01 0.96479816E+01 -0.51872802E-01 0.20173147E-02 0.23680262E-03
 -0.21547508E+01 0.96762626E+01 -0.51936695E-01 0.20076825E-02 0.23869937E-03
 -0.21403112E+01 0.97114544E+01 -0.52319998E-01 0.20371273E-02 0.23742206E-03
 -0.21257059E+01 0.97437248E+01 -0.52561674E-01 0.20438530E-02 0.24065086E-03
 -0.21109655E+01 0.97711457E+01 -0.52583987E-01 0.20317592E-02 0.24062377E-03
 -0.20960712E+01 0.97988168E+01 -0.52546240E-01 0.19984025E-02 0.24038766E-03
 -0.20809598E+01 0.98237532E+01 -0.52651653E-01 0.20072015E-02 0.24485235E-03
 -0.20657343E+01 0.98511579E+01 -0.52628328E-01 0.19749364E-02 0.24623153E-03
 -0.20503331E+01 0.98717504E+01 -0.52411762E-01 0.19369731E-02 0.24434547E-03
 -0.20347758E+01 0.99097608E+01 -0.53065550E-01 0.20095071E-02 0.24755822E-03
 -0.20189429E+01 0.99232118E+01 -0.52394550E-01 0.18976784E-02 0.25241832E-03
 -0.20029910E+01 0.99447819E+01 -0.52171866E-01 0.18561063E-02 0.25599917E-03
 -0.19867804E+01 0.99524559E+01 -0.51311944E-01 0.17303578E-02 0.25541715E-03
 -0.19704702E+01 0.99822291E+01 -0.51480744E-01 0.17322335E-02 0.25664800E-03
 -0.19539076E+01 0.10022077E+02 -0.52244830E-01 0.18041225E-02 0.25745461E-03
 -0.19371022E+01 0.10043570E+02 -0.51904925E-01 0.17329043E-02 0.25878169E-03
 -0.19201171E+01 0.10087002E+02 -0.52580920E-01 0.17770231E-02 0.25798720E-03
 -0.19027995E+01 0.10107056E+02 -0.52443874E-01 0.17533229E-02 0.25932845E-03
 -0.18852360E+01 0.10134935E+02 -0.52739438E-01 0.17874791E-02 0.26525418E-03
 -0.18673256E+01 0.10154190E+02 -0.52594148E-01 0.17579806E-02 0.26586170E-03
 -0.18491580E+01 0.10178743E+02 -0.52593541E-01 0.17326146E-02 0.26951734E-03
 -0.18306927E+01 0.10214529E+02 -0.53410799E-01 0.18315777E-02 0.27112566E-03
 -0.18119007E+01 0.10240571E+02 -0.53553728E-01 0.18305762E-02 0.27250960E-03
 -0.17927815E+01 0.10287163E+02 -0.54683411E-01 0.19483862E-02 0.27703254E-03
 -0.17732751E+01 0.10311564E+02 -0.54716083E-01 0.19338543E-02 0.28137567E-03
 -0.17535195E+01 0.10357558E+02 -0.55720799E-01 0.20369561E-02 0.28572147E-03
 -0.17333106E+01 0.10394943E+02 -0.56412284E-01 0.21103792E-02 0.28938938E-03
 -0.17125896E+01 0.10420261E+02 -0.56407790E-01 0.20820860E-02 0.28952955E-03
 -0.16913188E+01 0.10427750E+02 -0.55995155E-01 0.20418510E-02 0.29397972E-03
 -0.16697128E+01 0.10464515E+02 -0.56446387E-01 0.20536839E-02 0.29847359E-03
 -0.16474112E+01 0.10474906E+02 -0.56222654E-01 0.20224851E-02 0.30098692E-03
 -0.16246989E+01 0.10512260E+02 -0.57132044E-01 0.21344547E-02 0.30172586E-03
 -0.16013689E+01 0.10534760E+02 -0.57117538E-01 0.21223814E-02 0.30219331E-03
 -0.15774437E+01 0.10579407E+02 -0.58260267E-01 0.22488130E-02 0.30446084E-03
 -0.15528805E+01 0.10620811E+02 -0.59309159E-01 0.23780971E-02 0.30863006E-03
 -0.15274642E+01 0.10642597E+02 -0.59335038E-01 0.23706481E-02 0.31519388E-03
 -0.15013060E+01 0.10685826E+02 -0.60236267E-01 0.24535047E-02 0.32323892E-03
 -0.14741109E+01 0.10692221E+02 -0.59783976E-01 0.24035576E-02 0.32220572E-03
 -0.14460161E+01 0.10703237E+02 -0.59343847E-01 0.23426998E-02 0.32887342E-03
 -0.14170080E+01 0.10749093E+02 -0.60680444E-01 0.24944874E-02 0.32988747E-03
 -0.13868967E+01 0.10794678E+02 -0.61911123E-01 0.26269203E-02 0.32954400E-03
 -0.13554955E+01 0.10838230E+02 -0.62748560E-01 0.27002851E-02 0.33253794E-03
 -0.13226152E+01 0.10855921E+02 -0.62483485E-01 0.26456964E-02 0.34006584E-03
 -0.12881468E+01 0.10861324E+02 -0.61697830E-01 0.25586218E-02 0.34998017E-03
 -0.12520791E+01 0.10909032E+02 -0.62812500E-01 0.26632923E-02 0.35278671E-03
 -0.12140098E+01 0.10943729E+02 -0.63223164E-01 0.26996475E-02 0.35872188E-03
 -0.11735940E+01 0.10931246E+02 -0.61598870E-01 0.24974392E-02 0.36654733E-03
 -0.11306971E+01 0.10955624E+02 -0.61438410E-01 0.24507625E-02 0.37418998E-03
 -0.10847271E+01 0.10990422E+02 -0.62059249E-01 0.25221514E-02 0.38493602E-03
 -0.10350776E+01 0.10992414E+02 -0.61080445E-01 0.24062608E-02 0.39422122E-03
 -0.98139232E+00 0.11058282E+02 -0.63039943E-01 0.26344025E-02 0.41779971E-03
 -0.92214600E+00 0.11038106E+02 -0.61174754E-01 0.24479551E-02 0.42268668E-03
 -0.85655690E+00 0.11059205E+02 -0.61137098E-01 0.24290021E-02 0.43447903E-03
 -0.78246665E+00 0.11049006E+02 -0.58860886E-01 0.21432416E-02 0.47406274E-03
 -0.69736118E+00 0.11118007E+02 -0.60794729E-01 0.24411252E-02 0.51516426E-03
 -0.59574285E+00 0.11150335E+02 -0.61683240E-01 0.26633449E-02 0.53513386E-03
 -0.46912789E+00 0.11163789E+02 -0.58913111E-01 0.22880169E-02 0.58237419E-03
 -0.29818962E+00 0.11114568E+02 -0.51380639E-01 0.13844863E-02 0.69164593E-03
 -0.25460887E+00 0.11031686E+02 -0.46535424E-01 0.85589187E-03 0.72414089E-03
 -0.20698658E+00 0.11087597E+02 -0.48383357E-01 0.11064773E-02 0.76913823E-03
 -0.15404446E+00 0.11143884E+02 -0.49173441E-01 0.11819516E-02 0.80483306E-03
 -0.93235338E-01 0.11099330E+02 -0.45933147E-01 0.88016252E-03 0.84855947E-03
 -0.22894135E-01 0.11183182E+02 -0.49542014E-01 0.14550875E-02 0.87202152E-03
 0.61296824E-01 0.11274458E+02 -0.53394737E-01 0.22545436E-02 0.98030498E-03
 0.16760697E+00 0.11418094E+02 -0.56527368E-01 0.27621272E-02 0.11000897E-02
 0.31337371E+00 0.11425270E+02 -0.51830880E-01 0.25355294E-02 0.13513061E-02
 0.54955068E+00 0.11485544E+02 -0.39312658E-01 0.12937173E-02 0.18708722E-02
 0.77180107E+00 0.12029693E+02 -0.48084090E-01 0.31387764E-02 0.24096655E-02
 0.10556718E+01 0.11405814E+02 0.16489532E-01 -0.47352262E-02 0.37084796E-02
 0.12609596E+01 0.10258453E+02 0.10042966E+00 -0.14019182E-01 0.50372327E-02
ecmct     5  7  7   30
 -0.63214318E+01 -0.36786488E+02 -0.30035340E-01 -0.96221325E-02 0.42528540E-02
 -0.61692112E+01 -0.32448183E+02 -0.92828148E-02 -0.10301628E-01 0.31235282E-02
 -0.59535900E+01 -0.26782122E+02 -0.17747231E-01 -0.54812756E-02 0.21702744E-02
 -0.57754560E+01 -0.23788514E+02 0.30941457E-01 -0.88894172E-02 0.16676205E-02
 -0.55913689E+01 -0.19773321E+02 0.21883652E-01 -0.57080762E-02 0.11242517E-02
 -0.54774800E+01 -0.17598666E+02 0.21309161E-01 -0.45674589E-02 0.99174712E-03
 -0.53948616E+01 -0.16042449E+02 0.23637216E-01 -0.45016400E-02 0.88255111E-03
 -0.53286567E+01 -0.14825868E+02 0.24651863E-01 -0.44099217E-02 0.78528068E-03
 -0.52734730E+01 -0.13887260E+02 0.26597182E-01 -0.44060901E-02 0.71524995E-03
 -0.52258221E+01 -0.13124220E+02 0.28674258E-01 -0.44153737E-02 0.66774428E-03
 -0.51834035E+01 -0.12482482E+02 0.30595645E-01 -0.44878835E-02 0.64391082E-03
 -0.51458344E+01 -0.11834311E+02 0.28833106E-01 -0.42163880E-02 0.62976235E-03
 -0.51117155E+01 -0.11297758E+02 0.29660544E-01 -0.42626101E-02 0.59063008E-03
 -0.49766643E+01 -0.91310462E+01 0.26254224E-01 -0.36015014E-02 0.50927420E-03
 -0.48763630E+01 -0.75223747E+01 0.19844135E-01 -0.28214160E-02 0.45013248E-03
 -0.47949439E+01 -0.63535564E+01 0.17703245E-01 -0.25568087E-02 0.42181302E-03
 -0.47264976E+01 -0.53551772E+01 0.13094015E-01 -0.20293132E-02 0.39249003E-03
 -0.46668524E+01 -0.45232908E+01 0.99626507E-02 -0.17236974E-02 0.36517050E-03
 -0.46138356E+01 -0.38390204E+01 0.85274794E-02 -0.15821167E-02 0.34399928E-03
 -0.45658869E+01 -0.32331418E+01 0.69412034E-02 -0.14403615E-02 0.32370532E-03
 -0.45221175E+01 -0.26880016E+01 0.54104771E-02 -0.12956662E-02 0.31345122E-03
 -0.44814856E+01 -0.22561141E+01 0.70167445E-02 -0.15457625E-02 0.30466882E-03
 -0.44437503E+01 -0.18088389E+01 0.54482574E-02 -0.13915390E-02 0.29800971E-03
 -0.44084988E+01 -0.13863487E+01 0.35491233E-02 -0.11985084E-02 0.29064114E-03
 -0.43751483E+01 -0.10279494E+01 0.32352575E-02 -0.12138485E-02 0.28796875E-03
 -0.43437681E+01 -0.65905726E+00 0.17647685E-02 -0.11153328E-02 0.28028650E-03
 -0.43137215E+01 -0.33697584E+00 0.65015503E-03 -0.10081373E-02 0.26866080E-03
 -0.42851410E+01 -0.26808805E-01 -0.49367425E-03 -0.91405606E-03 0.26830010E-03
 -0.42578112E+01 0.26553789E+00 -0.14530402E-02 -0.84726172E-03 0.26042723E-03
 -0.42315300E+01 0.54685015E+00 -0.27127597E-02 -0.74395524E-03 0.26115945E-03
 -0.42062714E+01 0.82154289E+00 -0.43335541E-02 -0.61578171E-03 0.25567314E-03
 -0.41819156E+01 0.10760215E+01 -0.55940758E-02 -0.52445348E-03 0.25838856E-03
 -0.41582998E+01 0.13149181E+01 -0.67842140E-02 -0.42217521E-03 0.25345022E-03
 -0.41354643E+01 0.15375646E+01 -0.74137109E-02 -0.41188210E-03 0.24732809E-03
 -0.41133340E+01 0.17605065E+01 -0.86523891E-02 -0.31898244E-03 0.24415100E-03
 -0.40919686E+01 0.20029735E+01 -0.11247560E-01 -0.40695764E-04 0.24066443E-03
 -0.40709453E+01 0.21837684E+01 -0.11324614E-01 -0.63037769E-04 0.23970180E-03
 -0.40505420E+01 0.23745241E+01 -0.12002296E-01 -0.35328361E-04 0.23139477E-03
 -0.40305922E+01 0.25477247E+01 -0.12411850E-01 -0.20942444E-04 0.23027807E-03
 -0.40111447E+01 0.27279836E+01 -0.13416884E-01 0.71952262E-04 0.22836922E-03
 -0.39921892E+01 0.29036596E+01 -0.14327511E-01 0.14559258E-03 0.22403907E-03
 -0.39735905E+01 0.30750426E+01 -0.15386233E-01 0.22910149E-03 0.22674652E-03
 -0.39553425E+01 0.32176138E+01 -0.15220469E-01 0.17016801E-03 0.22525716E-03
 -0.39375123E+01 0.33763058E+01 -0.15829598E-01 0.18431647E-03 0.22602307E-03
 -0.39200154E+01 0.35406020E+01 -0.17100732E-01 0.29080024E-03 0.22331656E-03
 -0.39029019E+01 0.36966184E+01 -0.17948385E-01 0.34265570E-03 0.22299065E-03
 -0.38860028E+01 0.38246807E+01 -0.17846174E-01 0.29572926E-03 0.21979223E-03
 -0.38694292E+01 0.39622758E+01 -0.18390633E-01 0.32771451E-03 0.21836415E-03
 -0.38530675E+01 0.40812201E+01 -0.18018501E-01 0.22887847E-03 0.21597257E-03
 -0.38369689E+01 0.42045591E+01 -0.18284097E-01 0.22358640E-03 0.21817480E-03
 -0.38211892E+01 0.43440234E+01 -0.19245520E-01 0.28758084E-03 0.21741906E-03
 -0.38055880E+01 0.44567813E+01 -0.19200974E-01 0.25173867E-03 0.21582038E-03
 -0.37902325E+01 0.45810729E+01 -0.19744976E-01 0.27351046E-03 0.21457326E-03
 -0.37750638E+01 0.46970504E+01 -0.20013898E-01 0.26614670E-03 0.21590423E-03
 -0.37600600E+01 0.48057671E+01 -0.20268461E-01 0.26764959E-03 0.21336144E-03
 -0.37452611E+01 0.49189554E+01 -0.20557857E-01 0.24710128E-03 0.21438452E-03
 -0.37306788E+01 0.50418619E+01 -0.21695170E-01 0.35067074E-03 0.21532718E-03
 -0.37162771E+01 0.51531259E+01 -0.22097196E-01 0.34875583E-03 0.21547446E-03
 -0.37019456E+01 0.52519994E+01 -0.22383654E-01 0.36355285E-03 0.21195869E-03
 -0.36878498E+01 0.53679287E+01 -0.23396370E-01 0.44360905E-03 0.21370982E-03
 -0.36739418E+01 0.54820475E+01 -0.24392380E-01 0.52724738E-03 0.21226574E-03
 -0.36600902E+01 0.55861435E+01 -0.25136100E-01 0.58929555E-03 0.21336083E-03
 -0.36463957E+01 0.56947335E+01 -0.26042233E-01 0.66235514E-03 0.21397873E-03
 -0.36328185E+01 0.57953907E+01 -0.26612465E-01 0.69562799E-03 0.21406036E-03
 -0.36194120E+01 0.59023672E+01 -0.27635423E-01 0.78845292E-03 0.21447125E-03
 -0.36060674E+01 0.59942972E+01 -0.27975085E-01 0.79421885E-03 0.21464767E-03
 -0.35928398E+01 0.60824882E+01 -0.28270676E-01 0.80447077E-03 0.21439630E-03
 -0.35797167E+01 0.61758121E+01 -0.28766030E-01 0.82000371E-03 0.21294383E-03
 -0.35667418E+01 0.62731633E+01 -0.29554449E-01 0.87915615E-03 0.21283058E-03
 -0.35538313E+01 0.63662304E+01 -0.30185412E-01 0.92006993E-03 0.21089543E-03
 -0.35410534E+01 0.64549411E+01 -0.30635847E-01 0.93136209E-03 0.20797693E-03
 -0.35283568E+01 0.65413919E+01 -0.30985168E-01 0.93326661E-03 0.20624888E-03
 -0.35157584E+01 0.66252181E+01 -0.31345581E-01 0.94448767E-03 0.20630823E-03
 -0.35031959E+01 0.67128123E+01 -0.31997936E-01 0.98761700E-03 0.20944331E-03
 -0.34906945E+01 0.67906966E+01 -0.32416406E-01 0.10231276E-02 0.20711158E-03
 -0.34783416E+01 0.68740776E+01 -0.32815304E-01 0.10288810E-02 0.20764555E-03
 -0.34659685E+01 0.69439490E+01 -0.32772888E-01 0.99209370E-03 0.20786135E-03
 -0.34537153E+01 0.70314945E+01 -0.33636447E-01 0.10638442E-02 0.20853159E-03
 -0.34415298E+01 0.71017054E+01 -0.33674987E-01 0.10444921E-02 0.20745964E-03
 -0.34293966E+01 0.71787442E+01 -0.34102751E-01 0.10615162E-02 0.20790875E-03
 -0.34173591E+01 0.72604972E+01 -0.34858757E-01 0.11246906E-02 0.20389281E-03
 -0.34053633E+01 0.73390426E+01 -0.35463987E-01 0.11671978E-02 0.20452266E-03
 -0.33933620E+01 0.74056978E+01 -0.35596316E-01 0.11581278E-02 0.20613103E-03
 -0.33814176E+01 0.74689872E+01 -0.35653123E-01 0.11423820E-02 0.20352399E-03
 -0.33695880E+01 0.75487946E+01 -0.36433881E-01 0.12024291E-02 0.20504460E-03
 -0.33578033E+01 0.76265305E+01 -0.37052562E-01 0.12394530E-02 0.20472059E-03
 -0.33460573E+01 0.76988709E+01 -0.37452646E-01 0.12520799E-02 0.20389977E-03
 -0.33343309E+01 0.77715066E+01 -0.37916650E-01 0.12711769E-02 0.20502332E-03
 -0.33226352E+01 0.78390705E+01 -0.38304693E-01 0.12885955E-02 0.20403740E-03
 -0.33109981E+01 0.79132906E+01 -0.38917714E-01 0.13305758E-02 0.20261414E-03
 -0.32993661E+01 0.79784361E+01 -0.39206516E-01 0.13383955E-02 0.20316878E-03
 -0.32877582E+01 0.80415771E+01 -0.39408977E-01 0.13316368E-02 0.20409819E-03
 -0.32762080E+01 0.81033842E+01 -0.39553730E-01 0.13217425E-02 0.20163400E-03
 -0.32646674E+01 0.81737266E+01 -0.40220734E-01 0.13719524E-02 0.20035344E-03
 -0.32531353E+01 0.82360800E+01 -0.40576037E-01 0.13916149E-02 0.20081296E-03
 -0.32416531E+01 0.82955457E+01 -0.40795606E-01 0.13962961E-02 0.19926056E-03
 -0.32301573E+01 0.83597086E+01 -0.41243020E-01 0.14223891E-02 0.20034150E-03
 -0.32186505E+01 0.84141376E+01 -0.41366244E-01 0.14179937E-02 0.20088803E-03
 -0.32071661E+01 0.84699912E+01 -0.41595332E-01 0.14347269E-02 0.19929376E-03
 -0.31957424E+01 0.85315317E+01 -0.42019461E-01 0.14672182E-02 0.20013155E-03
 -0.31843969E+01 0.85993315E+01 -0.42576571E-01 0.14960479E-02 0.20181747E-03
 -0.31729756E+01 0.86529804E+01 -0.42621256E-01 0.14768278E-02 0.20077199E-03
 -0.31616281E+01 0.87210726E+01 -0.43364258E-01 0.15350721E-02 0.20048351E-03
 -0.31502525E+01 0.87824043E+01 -0.43877736E-01 0.15709391E-02 0.19908263E-03
 -0.31388642E+01 0.88359185E+01 -0.44008371E-01 0.15605354E-02 0.19741504E-03
 -0.31274848E+01 0.88869535E+01 -0.43959658E-01 0.15220944E-02 0.19725442E-03
 -0.31161308E+01 0.89440771E+01 -0.44207641E-01 0.15214794E-02 0.19831439E-03
 -0.31047420E+01 0.89985124E+01 -0.44493483E-01 0.15318965E-02 0.19648397E-03
 -0.30934592E+01 0.90660617E+01 -0.45214405E-01 0.15801883E-02 0.19787347E-03
 -0.30820998E+01 0.91203130E+01 -0.45373671E-01 0.15705946E-02 0.19845996E-03
 -0.30707169E+01 0.91695445E+01 -0.45409607E-01 0.15485702E-02 0.19936556E-03
 -0.30593848E+01 0.92307895E+01 -0.45919275E-01 0.15758535E-02 0.20005988E-03
 -0.30479930E+01 0.92794074E+01 -0.45980693E-01 0.15670375E-02 0.19898168E-03
 -0.30365927E+01 0.93393685E+01 -0.46637534E-01 0.16203652E-02 0.19817154E-03
 -0.30251750E+01 0.93915959E+01 -0.46976481E-01 0.16429147E-02 0.19912286E-03
 -0.30137461E+01 0.94498647E+01 -0.47605575E-01 0.16944871E-02 0.19717228E-03
 -0.30023236E+01 0.95099412E+01 -0.48251658E-01 0.17419900E-02 0.19766848E-03
 -0.29908931E+01 0.95704930E+01 -0.48980718E-01 0.18051643E-02 0.19709033E-03
 -0.29794094E+01 0.96232015E+01 -0.49383700E-01 0.18374122E-02 0.19832853E-03
 -0.29678902E+01 0.96741047E+01 -0.49546523E-01 0.18263589E-02 0.19912138E-03
 -0.29563374E+01 0.97250544E+01 -0.49903065E-01 0.18447715E-02 0.19805508E-03
 -0.29447894E+01 0.97769314E+01 -0.50159190E-01 0.18417278E-02 0.19676544E-03
 -0.29331964E+01 0.98235618E+01 -0.50157429E-01 0.18070103E-02 0.19629193E-03
 -0.29216248E+01 0.98822926E+01 -0.50863281E-01 0.18683643E-02 0.19707011E-03
 -0.29099893E+01 0.99392403E+01 -0.51549334E-01 0.19272147E-02 0.19672145E-03
 -0.28983256E+01 0.99866095E+01 -0.51712964E-01 0.19214593E-02 0.19860865E-03
 -0.28866339E+01 0.10041123E+02 -0.52157184E-01 0.19442947E-02 0.19697489E-03
 -0.28748859E+01 0.10085530E+02 -0.52070112E-01 0.18998558E-02 0.19836123E-03
 -0.28631200E+01 0.10137596E+02 -0.52500360E-01 0.19305737E-02 0.19694803E-03
 -0.28512478E+01 0.10177312E+02 -0.52450520E-01 0.19038905E-02 0.19838489E-03
 -0.28393428E+01 0.10220916E+02 -0.52549188E-01 0.18979945E-02 0.19991992E-03
 -0.28274507E+01 0.10276899E+02 -0.53085043E-01 0.19254128E-02 0.19944109E-03
 -0.28154630E+01 0.10321831E+02 -0.53123263E-01 0.18967982E-02 0.20128412E-03
 -0.28034395E+01 0.10373063E+02 -0.53496745E-01 0.19116540E-02 0.20198124E-03
 -0.27912911E+01 0.10417696E+02 -0.53682379E-01 0.19078398E-02 0.20335384E-03
 -0.27791407E+01 0.10470126E+02 -0.54238074E-01 0.19508703E-02 0.20285851E-03
 -0.27668823E+01 0.10513679E+02 -0.54430372E-01 0.19520207E-02 0.20350559E-03
 -0.27546008E+01 0.10556714E+02 -0.54444063E-01 0.19194886E-02 0.20217172E-03
 -0.27422821E+01 0.10611293E+02 -0.55077257E-01 0.19719551E-02 0.20074902E-03
 -0.27298454E+01 0.10658916E+02 -0.55460224E-01 0.20001410E-02 0.19853293E-03
 -0.27173266E+01 0.10698764E+02 -0.55504669E-01 0.19878531E-02 0.19760919E-03
 -0.27048155E+01 0.10752678E+02 -0.56186946E-01 0.20496021E-02 0.19679999E-03
 -0.26921696E+01 0.10794908E+02 -0.56356472E-01 0.20495971E-02 0.19569659E-03
 -0.26794764E+01 0.10834517E+02 -0.56257165E-01 0.20065324E-02 0.19737183E-03
 -0.26666975E+01 0.10887015E+02 -0.56924879E-01 0.20627999E-02 0.19697532E-03
 -0.26538246E+01 0.10932699E+02 -0.57196596E-01 0.20670667E-02 0.19863268E-03
 -0.26408007E+01 0.10970167E+02 -0.57182225E-01 0.20511250E-02 0.19617200E-03
 -0.26277233E+01 0.11018923E+02 -0.57719699E-01 0.20938687E-02 0.19679938E-03
 -0.26145813E+01 0.11070258E+02 -0.58307537E-01 0.21383316E-02 0.19535922E-03
 -0.26013548E+01 0.11123117E+02 -0.58808438E-01 0.21650670E-02 0.19570089E-03
 -0.25879415E+01 0.11163456E+02 -0.58920161E-01 0.21558929E-02 0.19506231E-03
 -0.25745025E+01 0.11223309E+02 -0.59760918E-01 0.22245361E-02 0.19583769E-03
 -0.25608456E+01 0.11262102E+02 -0.59915668E-01 0.22284124E-02 0.19611702E-03
 -0.25471162E+01 0.11311409E+02 -0.60457366E-01 0.22713347E-02 0.19776495E-03
 -0.25332272E+01 0.11362082E+02 -0.61155224E-01 0.23329927E-02 0.19746827E-03
 -0.25191694E+01 0.11397358E+02 -0.60958447E-01 0.22777632E-02 0.19967767E-03
 -0.25050879E+01 0.11452499E+02 -0.61662825E-01 0.23314643E-02 0.20186231E-03
 -0.24907850E+01 0.11499971E+02 -0.62055212E-01 0.23461303E-02 0.20419254E-03
 -0.24763574E+01 0.11549725E+02 -0.62464039E-01 0.23621085E-02 0.20577205E-03
 -0.24617416E+01 0.11593144E+02 -0.62664521E-01 0.23568826E-02 0.20659522E-03
 -0.24469223E+01 0.11628564E+02 -0.62508728E-01 0.23166878E-02 0.20747894E-03
 -0.24320527E+01 0.11678780E+02 -0.62890067E-01 0.23270120E-02 0.21121018E-03
 -0.24169018E+01 0.11721630E+02 -0.63071138E-01 0.23220107E-02 0.21852253E-03
 -0.24015777E+01 0.11767500E+02 -0.63274257E-01 0.23013489E-02 0.22049505E-03
 -0.23860737E+01 0.11812877E+02 -0.63624576E-01 0.23197155E-02 0.22083168E-03
 -0.23703285E+01 0.11852204E+02 -0.63567026E-01 0.22805144E-02 0.22336099E-03
 -0.23544134E+01 0.11898215E+02 -0.63815841E-01 0.22812323E-02 0.22376821E-03
 -0.23382521E+01 0.11944219E+02 -0.64270185E-01 0.23158060E-02 0.22371323E-03
 -0.23218152E+01 0.11991543E+02 -0.64776510E-01 0.23513687E-02 0.22604286E-03
 -0.23050954E+01 0.12028150E+02 -0.64865126E-01 0.23544372E-02 0.23130648E-03
 -0.22882071E+01 0.12069393E+02 -0.65011042E-01 0.23438163E-02 0.23362721E-03
 -0.22709365E+01 0.12104052E+02 -0.64907277E-01 0.23112508E-02 0.23620719E-03
 -0.22534433E+01 0.12141061E+02 -0.64800489E-01 0.22710159E-02 0.23818475E-03
 -0.22356229E+01 0.12184717E+02 -0.64953571E-01 0.22578265E-02 0.24000013E-03
 -0.22174808E+01 0.12230610E+02 -0.65139614E-01 0.22399386E-02 0.24255578E-03
 -0.21989534E+01 0.12265123E+02 -0.64930593E-01 0.21847768E-02 0.24657119E-03
 -0.21800671E+01 0.12306505E+02 -0.65075443E-01 0.21757951E-02 0.24691437E-03
 -0.21608589E+01 0.12358928E+02 -0.65656963E-01 0.22094643E-02 0.25199019E-03
 -0.21412592E+01 0.12404055E+02 -0.65871265E-01 0.22023252E-02 0.25573172E-03
 -0.21212913E+01 0.12479398E+02 -0.67452377E-01 0.23504961E-02 0.25539845E-03
 -0.21007540E+01 0.12524599E+02 -0.67797359E-01 0.23654502E-02 0.25586118E-03
 -0.20798052E+01 0.12580187E+02 -0.68319713E-01 0.23884184E-02 0.26379339E-03
 -0.20581879E+01 0.12619330E+02 -0.68425244E-01 0.23838022E-02 0.26685361E-03
 -0.20361520E+01 0.12672094E+02 -0.68727518E-01 0.23736054E-02 0.26718679E-03
 -0.20134078E+01 0.12717866E+02 -0.69045618E-01 0.23850213E-02 0.27617239E-03
 -0.19901146E+01 0.12789901E+02 -0.70473181E-01 0.25067177E-02 0.28308609E-03
 -0.19660063E+01 0.12827120E+02 -0.70250910E-01 0.24507030E-02 0.28737656E-03
 -0.19412463E+01 0.12887359E+02 -0.70945138E-01 0.24909945E-02 0.29139500E-03
 -0.19155997E+01 0.12938584E+02 -0.71572377E-01 0.25516281E-02 0.29725454E-03
 -0.18889676E+01 0.12969447E+02 -0.71344562E-01 0.25153505E-02 0.29866601E-03
 -0.18615462E+01 0.13046014E+02 -0.72756172E-01 0.26407022E-02 0.30179500E-03
 -0.18329212E+01 0.13103682E+02 -0.73675024E-01 0.27339806E-02 0.30375872E-03
 -0.18030957E+01 0.13157046E+02 -0.74101031E-01 0.27609274E-02 0.31289992E-03
 -0.17719309E+01 0.13218640E+02 -0.74950198E-01 0.28279835E-02 0.31706882E-03
 -0.17393022E+01 0.13273513E+02 -0.75541835E-01 0.28800354E-02 0.32354288E-03
 -0.17052197E+01 0.13349445E+02 -0.76582236E-01 0.29538402E-02 0.32796470E-03
 -0.16691322E+01 0.13425508E+02 -0.77746937E-01 0.30380916E-02 0.33815680E-03
 -0.16308548E+01 0.13483786E+02 -0.78110774E-01 0.30344012E-02 0.34910889E-03
 -0.15901755E+01 0.13553473E+02 -0.78718212E-01 0.30543713E-02 0.35463645E-03
 -0.15465156E+01 0.13624330E+02 -0.79632872E-01 0.31364635E-02 0.36675956E-03
 -0.14993483E+01 0.13643079E+02 -0.78132495E-01 0.29417230E-02 0.38389357E-03
 -0.14482001E+01 0.13709077E+02 -0.79058725E-01 0.30624897E-02 0.40331678E-03
 -0.13922161E+01 0.13783359E+02 -0.79551912E-01 0.30908173E-02 0.41278284E-03
 -0.13299363E+01 0.13843726E+02 -0.79062810E-01 0.29870245E-02 0.43669160E-03
 -0.12594122E+01 0.13861453E+02 -0.76732802E-01 0.27005518E-02 0.45427454E-03
 -0.11783682E+01 0.13961588E+02 -0.77012509E-01 0.26713250E-02 0.48710811E-03
 -0.10820864E+01 0.14105963E+02 -0.79194220E-01 0.28600333E-02 0.52284125E-03
 -0.96121421E+00 0.14136580E+02 -0.76440466E-01 0.25813813E-02 0.55676957E-03
 -0.79872112E+00 0.14365996E+02 -0.78868373E-01 0.27899333E-02 0.64184245E-03
 -0.75743560E+00 0.14374338E+02 -0.78056069E-01 0.27381400E-02 0.66305904E-03
 -0.71193689E+00 0.14359053E+02 -0.74791303E-01 0.23454210E-02 0.71617579E-03
 -0.66108300E+00 0.14346478E+02 -0.72718727E-01 0.22059599E-02 0.74226786E-03
 -0.60280090E+00 0.14300525E+02 -0.68578705E-01 0.17753811E-02 0.78832295E-03
 -0.53562438E+00 0.14277591E+02 -0.64308032E-01 0.13012564E-02 0.85403429E-03
 -0.45531563E+00 0.14400872E+02 -0.66239261E-01 0.15920484E-02 0.91587162E-03
 -0.35369819E+00 0.14359097E+02 -0.58825015E-01 0.85377293E-03 0.10634334E-02
 -0.21496403E+00 0.14481320E+02 -0.55782578E-01 0.53878700E-03 0.12839380E-02
 0.10130584E-01 0.14768584E+02 -0.52902921E-01 0.54289200E-03 0.17355764E-02
 0.22301177E+00 0.15573539E+02 -0.73216849E-01 0.31748588E-02 0.24116647E-02
 0.49128268E+00 0.16015514E+02 -0.64835881E-01 0.27983345E-02 0.36205594E-02
 0.68464358E+00 0.16246690E+02 -0.53885795E-01 0.23784670E-02 0.48173546E-02
ecmctt    5  8  5   25
 -0.65829327E+01 -0.43335771E+02 0.18080496E-02 -0.96544266E-01 0.51556078E-02
 -0.64312290E+01 -0.38052023E+02 -0.20849608E-01 -0.78550747E-01 0.34725867E-02
 -0.62182643E+01 -0.32187853E+02 0.43782288E-02 -0.63185133E-01 0.24591607E-02
 -0.60482258E+01 -0.27851807E+02 0.14540576E-01 -0.51141567E-01 0.18466924E-02
 -0.58686383E+01 -0.22891509E+02 -0.14833239E-01 -0.36294230E-01 0.11667136E-02
 -0.57568838E+01 -0.20319428E+02 -0.15947191E-01 -0.30762768E-01 0.90331726E-03
 -0.56753906E+01 -0.18553285E+02 -0.13839262E-01 -0.27202313E-01 0.86808487E-03
 -0.56096771E+01 -0.17352593E+02 -0.37079101E-02 -0.25646468E-01 0.78629905E-03
 -0.55554709E+01 -0.16275590E+02 -0.61841606E-03 -0.23813586E-01 0.72688295E-03
 -0.55084935E+01 -0.15336487E+02 0.35615509E-04 -0.22181570E-01 0.69496477E-03
 -0.54673998E+01 -0.14543268E+02 0.26614502E-02 -0.21151061E-01 0.65687888E-03
 -0.54303079E+01 -0.13876939E+02 0.59028456E-02 -0.20350812E-01 0.63254321E-03
 -0.53966609E+01 -0.13222764E+02 0.47284751E-02 -0.19060261E-01 0.61390768E-03
 -0.52635809E+01 -0.10856478E+02 0.85845347E-02 -0.15639668E-01 0.52020584E-03
 -0.51643701E+01 -0.91116560E+01 0.88800237E-02 -0.13280668E-01 0.43186654E-03
 -0.50846040E+01 -0.78010924E+01 0.10723119E-01 -0.11841421E-01 0.40955718E-03
 -0.50174177E+01 -0.67056617E+01 0.10234470E-01 -0.10410856E-01 0.38736129E-03
 -0.49585954E+01 -0.58601906E+01 0.13629088E-01 -0.97045406E-02 0.37114389E-03
 -0.49064099E+01 -0.50531691E+01 0.12532683E-01 -0.86927064E-02 0.35433409E-03
 -0.48591864E+01 -0.43648493E+01 0.12512623E-01 -0.79382081E-02 0.34583968E-03
 -0.48161107E+01 -0.37634670E+01 0.13892793E-01 -0.74922842E-02 0.32962874E-03
 -0.47765962E+01 -0.31570189E+01 0.12020789E-01 -0.67461378E-02 0.31390817E-03
 -0.47394895E+01 -0.26570979E+01 0.12255148E-01 -0.62702597E-02 0.30309032E-03
 -0.47047644E+01 -0.21932293E+01 0.12588989E-01 -0.58968309E-02 0.29227759E-03
 -0.46720877E+01 -0.17624238E+01 0.12529723E-01 -0.54745731E-02 0.28076119E-03
 -0.46411392E+01 -0.13381587E+01 0.11366908E-01 -0.49829547E-02 0.27386347E-03
 -0.46118019E+01 -0.94844454E+00 0.10856663E-01 -0.46268111E-02 0.26651505E-03
 -0.45838030E+01 -0.59260759E+00 0.10808625E-01 -0.43404778E-02 0.26345362E-03
 -0.45569704E+01 -0.26184812E+00 0.11180795E-01 -0.41384200E-02 0.25818510E-03
 -0.45312390E+01 0.44330354E-01 0.11994615E-01 -0.40182191E-02 0.25447397E-03
 -0.45064610E+01 0.32495584E+00 0.13175400E-01 -0.39513832E-02 0.25415198E-03
 -0.44825756E+01 0.60338611E+00 0.13490082E-01 -0.37873760E-02 0.25030105E-03
 -0.44595043E+01 0.87846029E+00 0.13566897E-01 -0.36306296E-02 0.24748648E-03
 -0.44371166E+01 0.11251869E+01 0.14081251E-01 -0.35090210E-02 0.24385019E-03
 -0.44154032E+01 0.13550447E+01 0.15125086E-01 -0.34785513E-02 0.23878885E-03
 -0.43944583E+01 0.16109794E+01 0.14432653E-01 -0.32547009E-02 0.23965684E-03
 -0.43739807E+01 0.18457330E+01 0.14060429E-01 -0.30538073E-02 0.23762521E-03
 -0.43540213E+01 0.20507689E+01 0.15088860E-01 -0.30613334E-02 0.23529069E-03
 -0.43345757E+01 0.22714540E+01 0.14871601E-01 -0.29313257E-02 0.23428029E-03
 -0.43155760E+01 0.24769782E+01 0.14871796E-01 -0.28101736E-02 0.23305513E-03
 -0.42969980E+01 0.26749043E+01 0.14819727E-01 -0.26880909E-02 0.23389044E-03
 -0.42789603E+01 0.28845440E+01 0.14094396E-01 -0.25114314E-02 0.23138906E-03
 -0.42611046E+01 0.30533952E+01 0.14984677E-01 -0.25378662E-02 0.22905115E-03
 -0.42436435E+01 0.32252728E+01 0.15430594E-01 -0.25008391E-02 0.22516366E-03
 -0.42265104E+01 0.34013932E+01 0.15413742E-01 -0.24205095E-02 0.22382124E-03
 -0.42097679E+01 0.35818114E+01 0.14758508E-01 -0.22551453E-02 0.22362202E-03
 -0.41932595E+01 0.37468827E+01 0.14582423E-01 -0.21369705E-02 0.22323458E-03
 -0.41770164E+01 0.39082674E+01 0.14407980E-01 -0.20436356E-02 0.22060556E-03
 -0.41611319E+01 0.40756205E+01 0.14043631E-01 -0.19366787E-02 0.21919899E-03
 -0.41454954E+01 0.42327820E+01 0.13863139E-01 -0.18525481E-02 0.21831896E-03
 -0.41300991E+01 0.43939272E+01 0.13265286E-01 -0.17187350E-02 0.21545395E-03
 -0.41148858E+01 0.45384460E+01 0.13213512E-01 -0.16482950E-02 0.21555315E-03
 -0.40998837E+01 0.46864336E+01 0.12959548E-01 -0.15600590E-02 0.21210306E-03
 -0.40849871E+01 0.48030455E+01 0.13994700E-01 -0.16264035E-02 0.21344599E-03
 -0.40703367E+01 0.49369385E+01 0.13884346E-01 -0.15509822E-02 0.20982427E-03
 -0.40559522E+01 0.50778968E+01 0.13593097E-01 -0.14732088E-02 0.20694007E-03
 -0.40417145E+01 0.52110804E+01 0.13556133E-01 -0.14312984E-02 0.20692531E-03
 -0.40276494E+01 0.53376996E+01 0.13626980E-01 -0.13922264E-02 0.20593490E-03
 -0.40137803E+01 0.54697535E+01 0.13343170E-01 -0.13191394E-02 0.20833521E-03
 -0.40000708E+01 0.56076675E+01 0.12630253E-01 -0.11953131E-02 0.20753355E-03
 -0.39864743E+01 0.57319836E+01 0.12550173E-01 -0.11552312E-02 0.20470948E-03
 -0.39730071E+01 0.58485127E+01 0.12704377E-01 -0.11456070E-02 0.20586944E-03
 -0.39596900E+01 0.59683596E+01 0.12697945E-01 -0.11194312E-02 0.20618141E-03
 -0.39464242E+01 0.60691296E+01 0.13271602E-01 -0.11529650E-02 0.20732323E-03
 -0.39333590E+01 0.61886091E+01 0.12886570E-01 -0.10696831E-02 0.20799151E-03
 -0.39203496E+01 0.62906194E+01 0.13340366E-01 -0.10931883E-02 0.20587639E-03
 -0.39074780E+01 0.63972799E+01 0.13412050E-01 -0.10661362E-02 0.20135612E-03
 -0.38946438E+01 0.64915458E+01 0.13918536E-01 -0.10979428E-02 0.19992926E-03
 -0.38819701E+01 0.65979675E+01 0.13739572E-01 -0.10443765E-02 0.19892986E-03
 -0.38693652E+01 0.66931511E+01 0.14157630E-01 -0.10734505E-02 0.19859711E-03
 -0.38568477E+01 0.67872750E+01 0.14394484E-01 -0.10731275E-02 0.19668870E-03
 -0.38444133E+01 0.68876645E+01 0.14249095E-01 -0.10309230E-02 0.19392849E-03
 -0.38320887E+01 0.69835747E+01 0.14290998E-01 -0.10044738E-02 0.19473856E-03
 -0.38198668E+01 0.70782093E+01 0.14416708E-01 -0.99837193E-03 0.19262182E-03
 -0.38077259E+01 0.71748040E+01 0.14395371E-01 -0.98890976E-03 0.19406889E-03
 -0.37956603E+01 0.72709203E+01 0.14355896E-01 -0.97016814E-03 0.19288181E-03
 -0.37836962E+01 0.73723284E+01 0.13923079E-01 -0.90278796E-03 0.18987467E-03
 -0.37717585E+01 0.74602701E+01 0.14110606E-01 -0.90490468E-03 0.18817061E-03
 -0.37599046E+01 0.75533117E+01 0.13939742E-01 -0.85877543E-03 0.18413853E-03
 -0.37481149E+01 0.76429897E+01 0.13842842E-01 -0.82188230E-03 0.18358590E-03
 -0.37363552E+01 0.77332283E+01 0.13633518E-01 -0.77785435E-03 0.18375334E-03
 -0.37246360E+01 0.78156949E+01 0.13778696E-01 -0.78186740E-03 0.18478507E-03
 -0.37130263E+01 0.79108338E+01 0.13339870E-01 -0.71675571E-03 0.18564984E-03
 -0.37014616E+01 0.79938713E+01 0.13498056E-01 -0.73032997E-03 0.18485125E-03
 -0.36899244E+01 0.80811357E+01 0.13312888E-01 -0.69561049E-03 0.18574582E-03
 -0.36784190E+01 0.81605066E+01 0.13455439E-01 -0.70066344E-03 0.18765964E-03
 -0.36669868E+01 0.82471204E+01 0.13142908E-01 -0.64612408E-03 0.18483442E-03
 -0.36555979E+01 0.83330591E+01 0.12922216E-01 -0.61646699E-03 0.18454224E-03
 -0.36442028E+01 0.84065109E+01 0.13225876E-01 -0.63694001E-03 0.18289893E-03
 -0.36328855E+01 0.84893243E+01 0.12962706E-01 -0.59252495E-03 0.18561009E-03
 -0.36216348E+01 0.85763301E+01 0.12679044E-01 -0.55879636E-03 0.18720499E-03
 -0.36104134E+01 0.86611331E+01 0.12344847E-01 -0.50951800E-03 0.18679364E-03
 -0.35992252E+01 0.87462656E+01 0.11872848E-01 -0.44138811E-03 0.19234076E-03
 -0.35880134E+01 0.88197775E+01 0.11997342E-01 -0.45139462E-03 0.19249159E-03
 -0.35768367E+01 0.88976917E+01 0.11809213E-01 -0.42503171E-03 0.19331077E-03
 -0.35657238E+01 0.89859946E+01 0.11101803E-01 -0.33239879E-03 0.19285708E-03
 -0.35545942E+01 0.90603749E+01 0.11213471E-01 -0.35401473E-03 0.19212128E-03
 -0.35434792E+01 0.91347863E+01 0.11114961E-01 -0.33699464E-03 0.19070601E-03
 -0.35323978E+01 0.92086968E+01 0.11026857E-01 -0.32352493E-03 0.19015573E-03
 -0.35213738E+01 0.92858122E+01 0.10958756E-01 -0.31717606E-03 0.19132720E-03
 -0.35103541E+01 0.93676104E+01 0.10539652E-01 -0.26854565E-03 0.19214363E-03
 -0.34993345E+01 0.94423505E+01 0.10430521E-01 -0.25546785E-03 0.19246124E-03
 -0.34882666E+01 0.95092093E+01 0.10538477E-01 -0.26077449E-03 0.19169186E-03
 -0.34772231E+01 0.95761877E+01 0.10571422E-01 -0.25690027E-03 0.19096984E-03
 -0.34661989E+01 0.96505574E+01 0.10167473E-01 -0.19706139E-03 0.19365452E-03
 -0.34552243E+01 0.97293162E+01 0.98174998E-02 -0.16893733E-03 0.19327902E-03
 -0.34442504E+01 0.98063008E+01 0.93613315E-02 -0.11248179E-03 0.19430348E-03
 -0.34332564E+01 0.98818441E+01 0.89844242E-02 -0.70634021E-04 0.19194130E-03
 -0.34222794E+01 0.99580287E+01 0.86775030E-02 -0.44412433E-04 0.19072722E-03
 -0.34112023E+01 0.10017101E+02 0.88503851E-02 -0.52793909E-04 0.18934304E-03
 -0.34001759E+01 0.10084239E+02 0.88890591E-02 -0.71395176E-04 0.19124919E-03
 -0.33891779E+01 0.10159766E+02 0.84190903E-02 -0.18788579E-04 0.19122894E-03
 -0.33781549E+01 0.10225401E+02 0.85018654E-02 -0.39160086E-04 0.18995286E-03
 -0.33670768E+01 0.10293672E+02 0.83104945E-02 -0.23603464E-04 0.19082986E-03
 -0.33559720E+01 0.10349421E+02 0.87347501E-02 -0.76422023E-04 0.19086691E-03
 -0.33448847E+01 0.10407698E+02 0.89347763E-02 -0.10053463E-03 0.19073393E-03
 -0.33338417E+01 0.10476667E+02 0.86698616E-02 -0.67514729E-04 0.19057141E-03
 -0.33227279E+01 0.10533812E+02 0.89982457E-02 -0.11326280E-03 0.19185394E-03
 -0.33116264E+01 0.10603770E+02 0.86151554E-02 -0.70038134E-04 0.19144975E-03
 -0.33004975E+01 0.10667496E+02 0.85217675E-02 -0.60423134E-04 0.19097811E-03
 -0.32892817E+01 0.10722148E+02 0.87747159E-02 -0.93221479E-04 0.19098864E-03
 -0.32781138E+01 0.10788497E+02 0.86071377E-02 -0.85059849E-04 0.19114179E-03
 -0.32668573E+01 0.10849380E+02 0.85371028E-02 -0.81077636E-04 0.19187114E-03
 -0.32556454E+01 0.10917729E+02 0.81829710E-02 -0.44138435E-04 0.19216628E-03
 -0.32444055E+01 0.10987497E+02 0.77220512E-02 0.59881442E-05 0.19138289E-03
 -0.32330784E+01 0.11038791E+02 0.82141747E-02 -0.61199610E-04 0.19180565E-03
 -0.32217055E+01 0.11092128E+02 0.84990478E-02 -0.10106559E-03 0.19360377E-03
 -0.32103567E+01 0.11161741E+02 0.80781378E-02 -0.64379558E-04 0.19485467E-03
 -0.31989703E+01 0.11225451E+02 0.78771690E-02 -0.47681022E-04 0.19584095E-03
 -0.31875037E+01 0.11283511E+02 0.79212636E-02 -0.58359567E-04 0.19637609E-03
 -0.31759932E+01 0.11342639E+02 0.79004535E-02 -0.64167782E-04 0.19649663E-03
 -0.31644360E+01 0.11395389E+02 0.81609951E-02 -0.94905779E-04 0.19816355E-03
 -0.31529108E+01 0.11468735E+02 0.74387823E-02 -0.15513643E-04 0.19993609E-03
 -0.31412924E+01 0.11528956E+02 0.73923356E-02 -0.23224062E-04 0.19816479E-03
 -0.31295902E+01 0.11595014E+02 0.69585960E-02 0.18140536E-04 0.19581608E-03
 -0.31178382E+01 0.11653495E+02 0.68578103E-02 0.30646165E-04 0.19492842E-03
 -0.31060844E+01 0.11723013E+02 0.63414851E-02 0.79605438E-04 0.19744008E-03
 -0.30942466E+01 0.11785308E+02 0.60775582E-02 0.10433422E-03 0.20183247E-03
 -0.30823615E+01 0.11847266E+02 0.59962993E-02 0.96328267E-04 0.20437324E-03
 -0.30703871E+01 0.11906259E+02 0.58977728E-02 0.10048907E-03 0.20427770E-03
 -0.30584126E+01 0.11974694E+02 0.54562838E-02 0.14009947E-03 0.20550118E-03
 -0.30462955E+01 0.12031080E+02 0.53895999E-02 0.14464122E-03 0.20595208E-03
 -0.30340860E+01 0.12085695E+02 0.54602149E-02 0.13036499E-03 0.20503121E-03
 -0.30218168E+01 0.12146095E+02 0.52550220E-02 0.14286775E-03 0.20627552E-03
 -0.30094638E+01 0.12212064E+02 0.47837234E-02 0.18015913E-03 0.20722224E-03
 -0.29970245E+01 0.12267798E+02 0.47688652E-02 0.17070416E-03 0.20920525E-03
 -0.29845239E+01 0.12336078E+02 0.42077514E-02 0.22471781E-03 0.20927022E-03
 -0.29718873E+01 0.12386313E+02 0.45305342E-02 0.18080696E-03 0.20926555E-03
 -0.29591534E+01 0.12443137E+02 0.44115158E-02 0.18890919E-03 0.21142767E-03
 -0.29463595E+01 0.12495720E+02 0.45975197E-02 0.14960424E-03 0.21112116E-03
 -0.29334138E+01 0.12549686E+02 0.46713184E-02 0.13266010E-03 0.21249145E-03
 -0.29203868E+01 0.12606613E+02 0.46740764E-02 0.11517125E-03 0.21121293E-03
 -0.29072587E+01 0.12665807E+02 0.44493131E-02 0.12746275E-03 0.21203171E-03
 -0.28939408E+01 0.12708841E+02 0.50328747E-02 0.53463011E-04 0.21339514E-03
 -0.28805937E+01 0.12771577E+02 0.47495172E-02 0.71033395E-04 0.21404135E-03
 -0.28671143E+01 0.12833283E+02 0.43924438E-02 0.10658249E-03 0.21689883E-03
 -0.28534020E+01 0.12879311E+02 0.47120312E-02 0.64087988E-04 0.21559031E-03
 -0.28396365E+01 0.12941791E+02 0.43313338E-02 0.95466944E-04 0.21523882E-03
 -0.28258226E+01 0.13017082E+02 0.35310260E-02 0.16384023E-03 0.21525613E-03
 -0.28117882E+01 0.13083400E+02 0.31453044E-02 0.18189397E-03 0.21777338E-03
 -0.27975991E+01 0.13153264E+02 0.24650311E-02 0.24635977E-03 0.21508716E-03
 -0.27832212E+01 0.13216004E+02 0.21887731E-02 0.25958141E-03 0.21420047E-03
 -0.27686468E+01 0.13269033E+02 0.23485483E-02 0.22317591E-03 0.21543699E-03
 -0.27539113E+01 0.13331644E+02 0.20068953E-02 0.25261051E-03 0.21483087E-03
 -0.27389665E+01 0.13390390E+02 0.18380855E-02 0.25597848E-03 0.21757502E-03
 -0.27238839E+01 0.13448962E+02 0.19091920E-02 0.22461640E-03 0.21816514E-03
 -0.27086232E+01 0.13516954E+02 0.14928886E-02 0.25449076E-03 0.21941957E-03
 -0.26930292E+01 0.13578182E+02 0.11840477E-02 0.27986834E-03 0.22179873E-03
 -0.26773059E+01 0.13654243E+02 0.35346801E-03 0.35361116E-03 0.22337137E-03
 -0.26612624E+01 0.13706349E+02 0.77550131E-03 0.27944288E-03 0.22157297E-03
 -0.26450335E+01 0.13780276E+02 0.16172703E-03 0.32026837E-03 0.22669242E-03
 -0.26285250E+01 0.13851094E+02 -0.39573228E-03 0.36262761E-03 0.22542509E-03
 -0.26117688E+01 0.13919832E+02 -0.71990918E-03 0.36601383E-03 0.22684593E-03
 -0.25947186E+01 0.13987986E+02 -0.10219050E-02 0.37821371E-03 0.23187950E-03
 -0.25772618E+01 0.14051579E+02 -0.14325903E-02 0.41581156E-03 0.23508493E-03
 -0.25595363E+01 0.14114590E+02 -0.16641685E-02 0.42744774E-03 0.23474643E-03
 -0.25415364E+01 0.14192386E+02 -0.25055491E-02 0.50149825E-03 0.23858014E-03
 -0.25230182E+01 0.14253291E+02 -0.27370098E-02 0.52570508E-03 0.23783694E-03
 -0.25041857E+01 0.14329719E+02 -0.34647711E-02 0.58155982E-03 0.24010680E-03
 -0.24849175E+01 0.14390729E+02 -0.33726983E-02 0.54950171E-03 0.24383315E-03
 -0.24652176E+01 0.14448760E+02 -0.29311895E-02 0.46605678E-03 0.24645571E-03
 -0.24450889E+01 0.14520555E+02 -0.33282285E-02 0.48549623E-03 0.24769952E-03
 -0.24243221E+01 0.14587236E+02 -0.36064747E-02 0.50362336E-03 0.24996847E-03
 -0.24031399E+01 0.14655005E+02 -0.34858104E-02 0.45971831E-03 0.25042945E-03
 -0.23813393E+01 0.14726573E+02 -0.38753838E-02 0.48893793E-03 0.25036785E-03
 -0.23589220E+01 0.14808355E+02 -0.47934994E-02 0.57449709E-03 0.25230326E-03
 -0.23358427E+01 0.14888018E+02 -0.57274865E-02 0.66713142E-03 0.26013447E-03
 -0.23119490E+01 0.14950137E+02 -0.55300608E-02 0.62125344E-03 0.26418919E-03
 -0.22872960E+01 0.15020798E+02 -0.55758822E-02 0.59549400E-03 0.27018873E-03
 -0.22617190E+01 0.15083693E+02 -0.55222242E-02 0.58090041E-03 0.27314922E-03
 -0.22353715E+01 0.15178818E+02 -0.66608682E-02 0.69055741E-03 0.27884426E-03
 -0.22079278E+01 0.15254510E+02 -0.65533734E-02 0.63129860E-03 0.28326184E-03
 -0.21793982E+01 0.15345655E+02 -0.73402107E-02 0.69882483E-03 0.29192366E-03
 -0.21493776E+01 0.15419290E+02 -0.75319269E-02 0.70746632E-03 0.30029855E-03
 -0.21181193E+01 0.15498654E+02 -0.77745652E-02 0.72152689E-03 0.30596283E-03
 -0.20851494E+01 0.15574898E+02 -0.79712696E-02 0.73441535E-03 0.31002358E-03
 -0.20505353E+01 0.15669361E+02 -0.84799426E-02 0.75111031E-03 0.32184939E-03
 -0.20138540E+01 0.15766120E+02 -0.89820587E-02 0.77231391E-03 0.33457910E-03
 -0.19747122E+01 0.15870329E+02 -0.10100043E-01 0.90060545E-03 0.34397235E-03
 -0.19330211E+01 0.15980383E+02 -0.10846364E-01 0.95855223E-03 0.35681315E-03
 -0.18876965E+01 0.16040979E+02 -0.94092103E-02 0.76913467E-03 0.37479204E-03
 -0.18388327E+01 0.16177758E+02 -0.11197615E-01 0.96047367E-03 0.39434661E-03
 -0.17851314E+01 0.16331315E+02 -0.12851532E-01 0.10712267E-02 0.40380925E-03
 -0.17253704E+01 0.16428272E+02 -0.11662105E-01 0.92580532E-03 0.42463817E-03
 -0.16578969E+01 0.16596251E+02 -0.13863778E-01 0.11762917E-02 0.45029714E-03
 -0.15801301E+01 0.16803255E+02 -0.17278462E-01 0.15753074E-02 0.47955536E-03
 -0.14870980E+01 0.16950163E+02 -0.16575994E-01 0.14683923E-02 0.51134905E-03
 -0.13712381E+01 0.17085233E+02 -0.13025554E-01 0.10817671E-02 0.56428721E-03
 -0.12136954E+01 0.17154281E+02 -0.54219499E-02 0.42590888E-03 0.63968215E-03
 -0.11744074E+01 0.17310877E+02 -0.97539491E-02 0.95634275E-03 0.66873948E-03
 -0.11305604E+01 0.17344356E+02 -0.81279336E-02 0.79713133E-03 0.72044198E-03
 -0.10818730E+01 0.17439782E+02 -0.87486003E-02 0.90850622E-03 0.75561058E-03
 -0.10261201E+01 0.17516843E+02 -0.86627624E-02 0.97456748E-03 0.77964475E-03
 -0.96152406E+00 0.17672479E+02 -0.11141799E-01 0.13873815E-02 0.84402099E-03
 -0.88350756E+00 0.17815615E+02 -0.13445487E-01 0.18941484E-02 0.92124466E-03
 -0.78557027E+00 0.17905701E+02 -0.94759151E-02 0.16339051E-02 0.10284847E-02
 -0.65161430E+00 0.18155310E+02 -0.11318489E-01 0.23100672E-02 0.12588942E-02
 -0.43018873E+00 0.17863797E+02 0.25237696E-01 -0.13444479E-02 0.17040556E-02
 -0.22357515E+00 0.18637182E+02 0.63986714E-02 0.24485900E-02 0.22373642E-02
 0.39472899E-01 0.18589283E+02 0.34473017E-01 0.92242487E-03 0.33548986E-02
 0.22645257E+00 0.18743172E+02 0.48014608E-01 0.22108916E-02 0.45056271E-02
