Copyright (c) James G. MacKinnon, 1999
ecmnc     9  9  7   35
 -0.64973395E+01 -0.34879871E+02 0.10022338E-01 -0.12115027E-01 0.41984132E-02
 -0.63349306E+01 -0.30471749E+02 0.65472603E-02 -0.83517255E-02 0.30364702E-02
 -0.61114311E+01 -0.24795970E+02 0.17043299E-01 -0.73223793E-02 0.20821959E-02
 -0.59326077E+01 -0.20118228E+02 0.18193579E-03 -0.37551749E-02 0.15002501E-02
 -0.57407523E+01 -0.16077567E+02 0.83960290E-02 -0.39929086E-02 0.11851550E-02
 -0.56217944E+01 -0.13747098E+02 0.84977085E-02 -0.34155097E-02 0.97193979E-03
 -0.55356594E+01 -0.11900459E+02 0.15595994E-02 -0.26504634E-02 0.85771078E-03
 -0.54652762E+01 -0.10794955E+02 0.87080670E-02 -0.32960736E-02 0.80042200E-03
 -0.54070443E+01 -0.98112028E+01 0.12025356E-01 -0.36464648E-02 0.75014621E-03
 -0.53567638E+01 -0.89714907E+01 0.12108809E-01 -0.35538437E-02 0.73254703E-03
 -0.53130613E+01 -0.81360868E+01 0.78900882E-02 -0.30546407E-02 0.70171429E-03
 -0.52732532E+01 -0.74933833E+01 0.67329620E-02 -0.27927758E-02 0.66273441E-03
 -0.52374909E+01 -0.68663240E+01 0.44821185E-02 -0.25466184E-02 0.61702877E-03
 -0.50944052E+01 -0.46032700E+01 -0.78004074E-04 -0.20051378E-02 0.54403623E-03
 -0.49875087E+01 -0.29996384E+01 -0.44112016E-02 -0.16022833E-02 0.49981862E-03
 -0.49009300E+01 -0.17907314E+01 -0.65474511E-02 -0.14888833E-02 0.46454907E-03
 -0.48279468E+01 -0.77926808E+00 -0.96434413E-02 -0.12749413E-02 0.41758298E-03
 -0.47640510E+01 0.62680103E-01 -0.13161307E-01 -0.93072613E-03 0.40016000E-03
 -0.47072492E+01 0.77135085E+00 -0.14182523E-01 -0.98835537E-03 0.38012094E-03
 -0.46560060E+01 0.14453320E+01 -0.18352224E-01 -0.60450479E-03 0.36602781E-03
 -0.46090412E+01 0.20253174E+01 -0.20902241E-01 -0.42208077E-03 0.36232616E-03
 -0.45657384E+01 0.25874619E+01 -0.24608996E-01 -0.13179373E-03 0.34632961E-03
 -0.45251706E+01 0.30537366E+01 -0.26762179E-01 0.40324915E-04 0.33838963E-03
 -0.44872455E+01 0.34776430E+01 -0.28237946E-01 0.12398902E-03 0.32071449E-03
 -0.44513726E+01 0.38463418E+01 -0.28381562E-01 0.44937572E-04 0.31340235E-03
 -0.44174857E+01 0.41999811E+01 -0.29201813E-01 0.53978155E-04 0.30528141E-03
 -0.43853079E+01 0.45592291E+01 -0.31254129E-01 0.19358791E-03 0.29953157E-03
 -0.43544458E+01 0.48756215E+01 -0.32602158E-01 0.28473714E-03 0.29141811E-03
 -0.43248980E+01 0.51719013E+01 -0.33466717E-01 0.28882023E-03 0.28504892E-03
 -0.42964595E+01 0.54454713E+01 -0.34282681E-01 0.31385410E-03 0.28297866E-03
 -0.42691187E+01 0.57165806E+01 -0.35786567E-01 0.43686301E-03 0.28006495E-03
 -0.42426706E+01 0.59579397E+01 -0.36303117E-01 0.42163876E-03 0.27755289E-03
 -0.42170762E+01 0.61755480E+01 -0.36183171E-01 0.34105411E-03 0.27224448E-03
 -0.41924355E+01 0.64138892E+01 -0.37189828E-01 0.37056695E-03 0.26825965E-03
 -0.41684133E+01 0.66295269E+01 -0.38237827E-01 0.44469013E-03 0.26677981E-03
 -0.41450830E+01 0.68459228E+01 -0.39486945E-01 0.52314285E-03 0.26432043E-03
 -0.41224881E+01 0.70730626E+01 -0.41369222E-01 0.66422990E-03 0.26359024E-03
 -0.41003828E+01 0.72712982E+01 -0.42241359E-01 0.69853006E-03 0.26478643E-03
 -0.40788453E+01 0.74648076E+01 -0.43209720E-01 0.74106475E-03 0.25975553E-03
 -0.40577757E+01 0.76550207E+01 -0.44633300E-01 0.84946832E-03 0.25749606E-03
 -0.40371685E+01 0.78370233E+01 -0.45596081E-01 0.87679917E-03 0.25614585E-03
 -0.40169622E+01 0.80057475E+01 -0.46402053E-01 0.91011131E-03 0.25509708E-03
 -0.39972020E+01 0.81809611E+01 -0.47514700E-01 0.96793571E-03 0.24684927E-03
 -0.39778672E+01 0.83611387E+01 -0.49319548E-01 0.11168675E-02 0.24454753E-03
 -0.39588265E+01 0.85133908E+01 -0.50001875E-01 0.11399079E-02 0.24206561E-03
 -0.39401512E+01 0.86673042E+01 -0.51115384E-01 0.12242528E-02 0.23936518E-03
 -0.39218523E+01 0.88263701E+01 -0.52428328E-01 0.13133849E-02 0.24193863E-03
 -0.39038359E+01 0.89748168E+01 -0.53348440E-01 0.13546035E-02 0.24024018E-03
 -0.38860174E+01 0.91061025E+01 -0.53885310E-01 0.13665598E-02 0.23887476E-03
 -0.38684820E+01 0.92321376E+01 -0.54269955E-01 0.13637729E-02 0.24079803E-03
 -0.38512139E+01 0.93564948E+01 -0.54816167E-01 0.13844040E-02 0.23803491E-03
 -0.38342018E+01 0.94818945E+01 -0.55445468E-01 0.14080238E-02 0.23966261E-03
 -0.38174464E+01 0.96094696E+01 -0.56255815E-01 0.14455094E-02 0.23690580E-03
 -0.38008261E+01 0.97212092E+01 -0.56720811E-01 0.14671963E-02 0.23488394E-03
 -0.37844106E+01 0.98221350E+01 -0.56802616E-01 0.14463081E-02 0.23504630E-03
 -0.37683453E+01 0.99427413E+01 -0.57574722E-01 0.14822611E-02 0.23319184E-03
 -0.37523589E+01 0.10056093E+02 -0.58206534E-01 0.15017989E-02 0.23331212E-03
 -0.37365184E+01 0.10169207E+02 -0.59190100E-01 0.15788132E-02 0.23185118E-03
 -0.37209908E+01 0.10294626E+02 -0.60436328E-01 0.16612231E-02 0.23051229E-03
 -0.37055673E+01 0.10402794E+02 -0.61017377E-01 0.16731259E-02 0.23292199E-03
 -0.36903159E+01 0.10523605E+02 -0.62425496E-01 0.17882772E-02 0.23027384E-03
 -0.36751446E+01 0.10614760E+02 -0.62632976E-01 0.17794969E-02 0.23315469E-03
 -0.36601074E+01 0.10708527E+02 -0.63004728E-01 0.17806724E-02 0.23258036E-03
 -0.36453230E+01 0.10821410E+02 -0.64268065E-01 0.18812609E-02 0.23438352E-03
 -0.36305802E+01 0.10921391E+02 -0.65167422E-01 0.19486094E-02 0.23275631E-03
 -0.36159469E+01 0.11012386E+02 -0.65557050E-01 0.19533656E-02 0.23134767E-03
 -0.36014815E+01 0.11106013E+02 -0.66205772E-01 0.19903151E-02 0.22862256E-03
 -0.35871530E+01 0.11205019E+02 -0.67132628E-01 0.20534349E-02 0.22670850E-03
 -0.35729212E+01 0.11297980E+02 -0.67820198E-01 0.20852011E-02 0.22544198E-03
 -0.35587822E+01 0.11384656E+02 -0.68414175E-01 0.21213738E-02 0.22661224E-03
 -0.35447706E+01 0.11481543E+02 -0.69348757E-01 0.21836500E-02 0.22210494E-03
 -0.35307773E+01 0.11559253E+02 -0.69704259E-01 0.21928239E-02 0.21907029E-03
 -0.35168827E+01 0.11636223E+02 -0.69985575E-01 0.21934203E-02 0.21864112E-03
 -0.35031000E+01 0.11716371E+02 -0.70554611E-01 0.22262826E-02 0.21910754E-03
 -0.34893601E+01 0.11789365E+02 -0.70744114E-01 0.22112182E-02 0.21761274E-03
 -0.34757849E+01 0.11884235E+02 -0.71977804E-01 0.23080775E-02 0.21338760E-03
 -0.34622810E+01 0.11973107E+02 -0.72937827E-01 0.23759634E-02 0.21264236E-03
 -0.34488378E+01 0.12047786E+02 -0.73252451E-01 0.23757592E-02 0.21132519E-03
 -0.34354141E+01 0.12124663E+02 -0.73936482E-01 0.24268891E-02 0.21340164E-03
 -0.34220437E+01 0.12195883E+02 -0.74337874E-01 0.24449765E-02 0.21107809E-03
 -0.34087845E+01 0.12266327E+02 -0.74672509E-01 0.24505711E-02 0.21033437E-03
 -0.33955282E+01 0.12327935E+02 -0.74713898E-01 0.24278103E-02 0.20992735E-03
 -0.33823571E+01 0.12400637E+02 -0.75319518E-01 0.24657331E-02 0.20865854E-03
 -0.33692572E+01 0.12468628E+02 -0.75657190E-01 0.24714673E-02 0.20822598E-03
 -0.33562211E+01 0.12543768E+02 -0.76386643E-01 0.25192502E-02 0.20858126E-03
 -0.33432231E+01 0.12611755E+02 -0.76692964E-01 0.25082495E-02 0.20670631E-03
 -0.33302894E+01 0.12685325E+02 -0.77474527E-01 0.25677409E-02 0.21147262E-03
 -0.33173716E+01 0.12750085E+02 -0.77906663E-01 0.25881271E-02 0.21121361E-03
 -0.33044537E+01 0.12817436E+02 -0.78555055E-01 0.26296600E-02 0.20863790E-03
 -0.32915960E+01 0.12880806E+02 -0.78954507E-01 0.26437239E-02 0.20730801E-03
 -0.32788085E+01 0.12950020E+02 -0.79524620E-01 0.26658295E-02 0.20629225E-03
 -0.32660650E+01 0.13019059E+02 -0.80252721E-01 0.27170662E-02 0.20337636E-03
 -0.32532840E+01 0.13078500E+02 -0.80637194E-01 0.27329070E-02 0.20265609E-03
 -0.32405463E+01 0.13138453E+02 -0.81079826E-01 0.27531243E-02 0.19912602E-03
 -0.32278121E+01 0.13193112E+02 -0.81260590E-01 0.27443983E-02 0.19807717E-03
 -0.32151330E+01 0.13259414E+02 -0.82091053E-01 0.28094563E-02 0.19798543E-03
 -0.32024392E+01 0.13315430E+02 -0.82494577E-01 0.28348923E-02 0.19884050E-03
 -0.31897813E+01 0.13374995E+02 -0.83105133E-01 0.28766220E-02 0.19960172E-03
 -0.31771539E+01 0.13435190E+02 -0.83694204E-01 0.29172029E-02 0.20162588E-03
 -0.31645224E+01 0.13494333E+02 -0.84372057E-01 0.29694982E-02 0.20052160E-03
 -0.31519064E+01 0.13544907E+02 -0.84625789E-01 0.29778101E-02 0.20110160E-03
 -0.31393459E+01 0.13595911E+02 -0.84750212E-01 0.29565780E-02 0.20204983E-03
 -0.31267979E+01 0.13658876E+02 -0.85535322E-01 0.30129259E-02 0.20358703E-03
 -0.31142546E+01 0.13725468E+02 -0.86560247E-01 0.31019254E-02 0.20402741E-03
 -0.31016607E+01 0.13775668E+02 -0.86887060E-01 0.31188013E-02 0.20410737E-03
 -0.30890997E+01 0.13827731E+02 -0.87214451E-01 0.31281698E-02 0.20372900E-03
 -0.30766035E+01 0.13897876E+02 -0.88429001E-01 0.32398495E-02 0.20309788E-03
 -0.30641155E+01 0.13961061E+02 -0.89179862E-01 0.32889833E-02 0.20378884E-03
 -0.30515639E+01 0.14008168E+02 -0.89408230E-01 0.32958740E-02 0.20706904E-03
 -0.30389839E+01 0.14064532E+02 -0.90147940E-01 0.33534162E-02 0.20536457E-03
 -0.30264346E+01 0.14118661E+02 -0.90659043E-01 0.33796795E-02 0.20572186E-03
 -0.30138168E+01 0.14171300E+02 -0.91318539E-01 0.34363909E-02 0.20609072E-03
 -0.30012397E+01 0.14219757E+02 -0.91670058E-01 0.34487147E-02 0.20463161E-03
 -0.29886545E+01 0.14270339E+02 -0.92175206E-01 0.34868045E-02 0.20186637E-03
 -0.29759814E+01 0.14312915E+02 -0.92269810E-01 0.34645255E-02 0.20193836E-03
 -0.29633518E+01 0.14361953E+02 -0.92661602E-01 0.34777693E-02 0.20485770E-03
 -0.29506425E+01 0.14405480E+02 -0.92911614E-01 0.34826646E-02 0.20598156E-03
 -0.29379099E+01 0.14448728E+02 -0.93211775E-01 0.34936855E-02 0.20561297E-03
 -0.29252042E+01 0.14494414E+02 -0.93592917E-01 0.35149754E-02 0.20670382E-03
 -0.29123983E+01 0.14530837E+02 -0.93654957E-01 0.34993172E-02 0.20888217E-03
 -0.28996268E+01 0.14578720E+02 -0.94193109E-01 0.35384215E-02 0.20860280E-03
 -0.28868086E+01 0.14626023E+02 -0.94788412E-01 0.35860490E-02 0.20966157E-03
 -0.28739784E+01 0.14680304E+02 -0.95867778E-01 0.36957158E-02 0.20957723E-03
 -0.28610911E+01 0.14729909E+02 -0.96599514E-01 0.37600372E-02 0.20824388E-03
 -0.28482424E+01 0.14775741E+02 -0.96900711E-01 0.37609900E-02 0.20599355E-03
 -0.28353206E+01 0.14827158E+02 -0.97550329E-01 0.38004579E-02 0.20859031E-03
 -0.28222822E+01 0.14863806E+02 -0.97756890E-01 0.38055739E-02 0.20771115E-03
 -0.28092713E+01 0.14910270E+02 -0.98365925E-01 0.38525743E-02 0.20497848E-03
 -0.27961856E+01 0.14949178E+02 -0.98501948E-01 0.38376668E-02 0.20454770E-03
 -0.27829929E+01 0.14982413E+02 -0.98591086E-01 0.38324706E-02 0.20664765E-03
 -0.27698403E+01 0.15026776E+02 -0.99058974E-01 0.38599064E-02 0.20621054E-03
 -0.27566041E+01 0.15060602E+02 -0.99086127E-01 0.38430855E-02 0.20520850E-03
 -0.27433411E+01 0.15104733E+02 -0.99588026E-01 0.38755905E-02 0.20941967E-03
 -0.27299813E+01 0.15144871E+02 -0.10004462E+00 0.39065819E-02 0.21088884E-03
 -0.27165442E+01 0.15177920E+02 -0.10022653E+00 0.39153922E-02 0.21386316E-03
 -0.27030190E+01 0.15209271E+02 -0.10029789E+00 0.39054914E-02 0.21465351E-03
 -0.26894592E+01 0.15243791E+02 -0.10048300E+00 0.39062255E-02 0.21550514E-03
 -0.26757881E+01 0.15269589E+02 -0.10037702E+00 0.38860886E-02 0.21841367E-03
 -0.26620705E+01 0.15300644E+02 -0.10039858E+00 0.38682695E-02 0.21790155E-03
 -0.26483293E+01 0.15348756E+02 -0.10117521E+00 0.39305098E-02 0.21819299E-03
 -0.26344731E+01 0.15385677E+02 -0.10150518E+00 0.39439707E-02 0.21874300E-03
 -0.26205400E+01 0.15426599E+02 -0.10194951E+00 0.39642189E-02 0.22158306E-03
 -0.26065182E+01 0.15467384E+02 -0.10249908E+00 0.40034041E-02 0.22289032E-03
 -0.25923849E+01 0.15501993E+02 -0.10276961E+00 0.40123309E-02 0.22305588E-03
 -0.25782081E+01 0.15549147E+02 -0.10360129E+00 0.40794120E-02 0.22380709E-03
 -0.25638622E+01 0.15582908E+02 -0.10404748E+00 0.41137886E-02 0.22439774E-03
 -0.25494730E+01 0.15618116E+02 -0.10429126E+00 0.41141829E-02 0.22536357E-03
 -0.25349417E+01 0.15655802E+02 -0.10479843E+00 0.41533840E-02 0.22637204E-03
 -0.25202869E+01 0.15693169E+02 -0.10529189E+00 0.41890581E-02 0.22788415E-03
 -0.25055146E+01 0.15719534E+02 -0.10514625E+00 0.41456825E-02 0.23077980E-03
 -0.24906123E+01 0.15745170E+02 -0.10512199E+00 0.41197573E-02 0.23150085E-03
 -0.24756010E+01 0.15777533E+02 -0.10553313E+00 0.41522502E-02 0.23020628E-03
 -0.24604745E+01 0.15811399E+02 -0.10594760E+00 0.41812673E-02 0.23323145E-03
 -0.24451664E+01 0.15836604E+02 -0.10600822E+00 0.41706008E-02 0.23691579E-03
 -0.24297049E+01 0.15855996E+02 -0.10586571E+00 0.41433206E-02 0.24051441E-03
 -0.24141503E+01 0.15890064E+02 -0.10637633E+00 0.41866403E-02 0.24347715E-03
 -0.23984017E+01 0.15928486E+02 -0.10707704E+00 0.42495623E-02 0.24305700E-03
 -0.23825086E+01 0.15964615E+02 -0.10765358E+00 0.42915606E-02 0.24365833E-03
 -0.23664272E+01 0.15996482E+02 -0.10810305E+00 0.43329234E-02 0.24688378E-03
 -0.23501761E+01 0.16026791E+02 -0.10851630E+00 0.43665838E-02 0.24528914E-03
 -0.23337463E+01 0.16055591E+02 -0.10866714E+00 0.43524127E-02 0.24510618E-03
 -0.23171057E+01 0.16084385E+02 -0.10893141E+00 0.43625520E-02 0.24790999E-03
 -0.23003223E+01 0.16122705E+02 -0.10971137E+00 0.44316452E-02 0.25260729E-03
 -0.22832489E+01 0.16146312E+02 -0.10993494E+00 0.44434014E-02 0.25479232E-03
 -0.22659312E+01 0.16162113E+02 -0.10978947E+00 0.44169949E-02 0.25156799E-03
 -0.22484160E+01 0.16187393E+02 -0.11005390E+00 0.44334313E-02 0.25057794E-03
 -0.22306613E+01 0.16214986E+02 -0.11028313E+00 0.44335577E-02 0.25215229E-03
 -0.22126624E+01 0.16248484E+02 -0.11083935E+00 0.44709115E-02 0.25410014E-03
 -0.21943494E+01 0.16267998E+02 -0.11079605E+00 0.44453151E-02 0.25705765E-03
 -0.21758224E+01 0.16297911E+02 -0.11132431E+00 0.44891246E-02 0.26018729E-03
 -0.21569116E+01 0.16303995E+02 -0.11058968E+00 0.43818212E-02 0.26169195E-03
 -0.21377779E+01 0.16340881E+02 -0.11163934E+00 0.44901292E-02 0.26681790E-03
 -0.21182569E+01 0.16365109E+02 -0.11204835E+00 0.45266929E-02 0.27030790E-03
 -0.20985229E+01 0.16409299E+02 -0.11341370E+00 0.46804204E-02 0.27037420E-03
 -0.20783048E+01 0.16414736E+02 -0.11275990E+00 0.45868716E-02 0.27440125E-03
 -0.20577133E+01 0.16426413E+02 -0.11268627E+00 0.45722607E-02 0.27959470E-03
 -0.20366714E+01 0.16417825E+02 -0.11150011E+00 0.44333416E-02 0.28167190E-03
 -0.20152586E+01 0.16443553E+02 -0.11194947E+00 0.44602234E-02 0.28158013E-03
 -0.19933779E+01 0.16466076E+02 -0.11243281E+00 0.45075031E-02 0.28066247E-03
 -0.19710382E+01 0.16489169E+02 -0.11289413E+00 0.45473701E-02 0.28276088E-03
 -0.19481617E+01 0.16494403E+02 -0.11256014E+00 0.44998336E-02 0.28293007E-03
 -0.19248341E+01 0.16533470E+02 -0.11343837E+00 0.45635216E-02 0.28502220E-03
 -0.19008374E+01 0.16553686E+02 -0.11385855E+00 0.45974999E-02 0.29104014E-03
 -0.18763123E+01 0.16574813E+02 -0.11394401E+00 0.45846382E-02 0.29759288E-03
 -0.18510520E+01 0.16596265E+02 -0.11453444E+00 0.46447803E-02 0.29790646E-03
 -0.18249671E+01 0.16607254E+02 -0.11467041E+00 0.46528841E-02 0.30104161E-03
 -0.17981659E+01 0.16616591E+02 -0.11480987E+00 0.46722570E-02 0.30600962E-03
 -0.17704456E+01 0.16617498E+02 -0.11465870E+00 0.46497565E-02 0.30773231E-03
 -0.17419156E+01 0.16621196E+02 -0.11435553E+00 0.46078994E-02 0.30520911E-03
 -0.17122893E+01 0.16605003E+02 -0.11344549E+00 0.45171033E-02 0.30146145E-03
 -0.16816680E+01 0.16633150E+02 -0.11456288E+00 0.46400002E-02 0.29741745E-03
 -0.16497179E+01 0.16628981E+02 -0.11419647E+00 0.45965698E-02 0.30147419E-03
 -0.16164646E+01 0.16615676E+02 -0.11358654E+00 0.45339064E-02 0.30875940E-03
 -0.15818411E+01 0.16623767E+02 -0.11365446E+00 0.45316421E-02 0.31795171E-03
 -0.15452935E+01 0.16601163E+02 -0.11296061E+00 0.44686798E-02 0.33119645E-03
 -0.15070752E+01 0.16577011E+02 -0.11204829E+00 0.43801067E-02 0.34487973E-03
 -0.14668167E+01 0.16576940E+02 -0.11249404E+00 0.44451380E-02 0.35661038E-03
 -0.14242169E+01 0.16579090E+02 -0.11299429E+00 0.45208982E-02 0.36533366E-03
 -0.13788619E+01 0.16571869E+02 -0.11300273E+00 0.45215405E-02 0.37443606E-03
 -0.13302336E+01 0.16529323E+02 -0.11131187E+00 0.43317305E-02 0.38289663E-03
 -0.12778492E+01 0.16492832E+02 -0.11064948E+00 0.42990388E-02 0.39479693E-03
 -0.12211203E+01 0.16481427E+02 -0.11089878E+00 0.43488506E-02 0.41853475E-03
 -0.11586318E+01 0.16445712E+02 -0.11047940E+00 0.43417420E-02 0.43851713E-03
 -0.10892615E+01 0.16425074E+02 -0.11069300E+00 0.43945643E-02 0.46425979E-03
 -0.10104180E+01 0.16285567E+02 -0.10736791E+00 0.41517853E-02 0.50079300E-03
 -0.91990801E+00 0.16219842E+02 -0.10624509E+00 0.40849276E-02 0.52679571E-03
 -0.81190358E+00 0.16118887E+02 -0.10557115E+00 0.41620965E-02 0.55586781E-03
 -0.67703575E+00 0.15987938E+02 -0.10500323E+00 0.43369886E-02 0.63394975E-03
 -0.49510859E+00 0.15937533E+02 -0.10875989E+00 0.50300562E-02 0.72793623E-03
 -0.44873325E+00 0.15833027E+02 -0.10564994E+00 0.47550758E-02 0.78511176E-03
 -0.39749611E+00 0.15701339E+02 -0.10151765E+00 0.43787228E-02 0.82589218E-03
 -0.34014782E+00 0.15575764E+02 -0.96956693E-01 0.39000066E-02 0.85895686E-03
 -0.27516631E+00 0.15472377E+02 -0.93967012E-01 0.36718034E-02 0.89051620E-03
 -0.19916367E+00 0.15196069E+02 -0.83164602E-01 0.26262757E-02 0.94880772E-03
 -0.10816736E+00 0.14969362E+02 -0.74953334E-01 0.18455627E-02 0.10357912E-02
 0.54598885E-02 0.14941118E+02 -0.75912072E-01 0.21238463E-02 0.12061849E-02
 0.16201966E+00 0.14644490E+02 -0.70380437E-01 0.23699812E-02 0.14401604E-02
 0.41941880E+00 0.14471935E+02 -0.74469813E-01 0.39596582E-02 0.19976041E-02
 0.66376673E+00 0.14367332E+02 -0.71950557E-01 0.44445097E-02 0.27675449E-02
 0.96799560E+00 0.13946248E+02 -0.36270322E-01 0.11963405E-02 0.39722470E-02
 0.11907444E+01 0.13970957E+02 -0.31876462E-01 0.16643429E-02 0.54128844E-02
ecmc      9 10  5   40
 -0.67491858E+01 -0.37526372E+02 -0.24351574E+00 -0.12356243E+00 0.58826628E-02
 -0.65958693E+01 -0.31279200E+02 -0.30894740E+00 -0.84666521E-01 0.38667251E-02
 -0.63695959E+01 -0.26581607E+02 -0.16616622E+00 -0.79352364E-01 0.25712277E-02
 -0.61868341E+01 -0.23285555E+02 -0.44525907E-01 -0.81899713E-01 0.19302015E-02
 -0.59981308E+01 -0.18773317E+02 -0.67197791E-02 -0.72069825E-01 0.15036043E-02
 -0.58807758E+01 -0.16430395E+02 0.37473864E-01 -0.71843713E-01 0.12720513E-02
 -0.57955547E+01 -0.14366595E+02 0.27771401E-01 -0.62483278E-01 0.10874483E-02
 -0.57270665E+01 -0.13005388E+02 0.39315091E-01 -0.59511778E-01 0.98238067E-03
 -0.56691975E+01 -0.11779969E+02 0.33148258E-01 -0.53466545E-01 0.95189863E-03
 -0.56203423E+01 -0.10534327E+02 0.12972580E-01 -0.45541059E-01 0.85786909E-03
 -0.55768841E+01 -0.97658687E+01 0.22911487E-01 -0.44808870E-01 0.81861397E-03
 -0.55376797E+01 -0.91509414E+01 0.35495946E-01 -0.44815123E-01 0.77856243E-03
 -0.55020509E+01 -0.85250751E+01 0.39037628E-01 -0.43047682E-01 0.74907590E-03
 -0.53613461E+01 -0.59752368E+01 0.52361595E-01 -0.37955326E-01 0.65069209E-03
 -0.52566908E+01 -0.39943525E+01 0.44098239E-01 -0.31369612E-01 0.58882850E-03
 -0.51721500E+01 -0.26102690E+01 0.50430880E-01 -0.29101819E-01 0.55145716E-03
 -0.51008469E+01 -0.13457556E+01 0.44585912E-01 -0.25196028E-01 0.49552755E-03
 -0.50386906E+01 -0.25455036E+00 0.36407283E-01 -0.21170042E-01 0.47011804E-03
 -0.49832564E+01 0.63199686E+00 0.35428955E-01 -0.19171299E-01 0.45592714E-03
 -0.49326913E+01 0.13171746E+01 0.37950499E-01 -0.17768154E-01 0.44369792E-03
 -0.48866612E+01 0.19788510E+01 0.38202928E-01 -0.16347878E-01 0.42528587E-03
 -0.48442182E+01 0.25970330E+01 0.38584007E-01 -0.15421223E-01 0.40956539E-03
 -0.48044552E+01 0.31340216E+01 0.38859400E-01 -0.14370682E-01 0.39191660E-03
 -0.47671521E+01 0.35884882E+01 0.43697341E-01 -0.14561680E-01 0.39029045E-03
 -0.47321379E+01 0.40718812E+01 0.41843392E-01 -0.13205008E-01 0.38066266E-03
 -0.46991819E+01 0.45776802E+01 0.37074563E-01 -0.11537659E-01 0.36540527E-03
 -0.46675802E+01 0.49991208E+01 0.36470744E-01 -0.10832079E-01 0.35804390E-03
 -0.46374635E+01 0.53928648E+01 0.35461234E-01 -0.10021873E-01 0.36217740E-03
 -0.46086091E+01 0.57875057E+01 0.31805232E-01 -0.86346394E-02 0.35356746E-03
 -0.45808947E+01 0.61091809E+01 0.33463537E-01 -0.84327021E-02 0.34548872E-03
 -0.45542087E+01 0.64391304E+01 0.32961241E-01 -0.78945891E-02 0.33588742E-03
 -0.45284277E+01 0.67341512E+01 0.33892260E-01 -0.75726273E-02 0.32777393E-03
 -0.45035946E+01 0.70326316E+01 0.34162439E-01 -0.72764232E-02 0.32077295E-03
 -0.44795566E+01 0.73219313E+01 0.33694121E-01 -0.67097478E-02 0.32080575E-03
 -0.44562001E+01 0.75867557E+01 0.33832615E-01 -0.63189794E-02 0.31655231E-03
 -0.44334005E+01 0.78188065E+01 0.35354675E-01 -0.61696811E-02 0.31777896E-03
 -0.44112917E+01 0.80555485E+01 0.36648584E-01 -0.61460535E-02 0.31229967E-03
 -0.43898593E+01 0.83410580E+01 0.32859117E-01 -0.50617495E-02 0.31711703E-03
 -0.43688254E+01 0.85680473E+01 0.32789605E-01 -0.47143122E-02 0.31491838E-03
 -0.43483249E+01 0.88088503E+01 0.31189791E-01 -0.41240319E-02 0.30901835E-03
 -0.43282603E+01 0.90158982E+01 0.32211380E-01 -0.40698042E-02 0.30516608E-03
 -0.43085756E+01 0.92165624E+01 0.32542113E-01 -0.38761888E-02 0.30763556E-03
 -0.42892794E+01 0.94005558E+01 0.33843035E-01 -0.38986085E-02 0.30304653E-03
 -0.42704431E+01 0.96073874E+01 0.32956700E-01 -0.34549794E-02 0.30104813E-03
 -0.42518635E+01 0.97817744E+01 0.33687478E-01 -0.33340941E-02 0.29905659E-03
 -0.42336574E+01 0.99772413E+01 0.32622858E-01 -0.29599091E-02 0.29644813E-03
 -0.42158266E+01 0.10171172E+02 0.31634611E-01 -0.25947677E-02 0.29425883E-03
 -0.41982815E+01 0.10353360E+02 0.31421791E-01 -0.24017859E-02 0.29767988E-03
 -0.41809509E+01 0.10524935E+02 0.31377416E-01 -0.22815546E-02 0.29255094E-03
 -0.41638573E+01 0.10668229E+02 0.33511476E-01 -0.25949031E-02 0.29288688E-03
 -0.41470513E+01 0.10828260E+02 0.33294037E-01 -0.23963277E-02 0.29044517E-03
 -0.41305120E+01 0.10985110E+02 0.33143523E-01 -0.21843693E-02 0.28978732E-03
 -0.41142019E+01 0.11132836E+02 0.34007130E-01 -0.22551390E-02 0.29043405E-03
 -0.40979988E+01 0.11258408E+02 0.35363410E-01 -0.23404275E-02 0.29123292E-03
 -0.40821084E+01 0.11419218E+02 0.34670413E-01 -0.21745935E-02 0.29064930E-03
 -0.40664476E+01 0.11574636E+02 0.33907974E-01 -0.19531093E-02 0.28834196E-03
 -0.40508896E+01 0.11684601E+02 0.36428845E-01 -0.23565275E-02 0.28369925E-03
 -0.40355055E+01 0.11819768E+02 0.36067497E-01 -0.20834645E-02 0.27872430E-03
 -0.40203569E+01 0.11962633E+02 0.35515046E-01 -0.19009536E-02 0.28027900E-03
 -0.40054088E+01 0.12108640E+02 0.34433921E-01 -0.15711545E-02 0.27665707E-03
 -0.39905168E+01 0.12217033E+02 0.36338790E-01 -0.18985619E-02 0.27633640E-03
 -0.39758381E+01 0.12342579E+02 0.36405053E-01 -0.18168222E-02 0.28028491E-03
 -0.39612352E+01 0.12456880E+02 0.36965378E-01 -0.17830616E-02 0.27268649E-03
 -0.39468047E+01 0.12576721E+02 0.37256997E-01 -0.17644528E-02 0.27153750E-03
 -0.39325721E+01 0.12711965E+02 0.36280309E-01 -0.14977649E-02 0.27579356E-03
 -0.39183240E+01 0.12810034E+02 0.37611278E-01 -0.16799514E-02 0.27668996E-03
 -0.39042445E+01 0.12924877E+02 0.37338723E-01 -0.15092209E-02 0.27819937E-03
 -0.38902751E+01 0.13042587E+02 0.36440569E-01 -0.11882596E-02 0.27457878E-03
 -0.38764188E+01 0.13157692E+02 0.35874183E-01 -0.97485678E-03 0.27325380E-03
 -0.38626950E+01 0.13289044E+02 0.34068929E-01 -0.55058221E-03 0.27252935E-03
 -0.38490766E+01 0.13396455E+02 0.33745450E-01 -0.37541415E-03 0.27093871E-03
 -0.38355626E+01 0.13509663E+02 0.32966601E-01 -0.13254477E-03 0.27228307E-03
 -0.38220485E+01 0.13589636E+02 0.34703920E-01 -0.40064555E-03 0.26715962E-03
 -0.38086984E+01 0.13693744E+02 0.34712685E-01 -0.36391432E-03 0.26474089E-03
 -0.37953737E+01 0.13777418E+02 0.36122139E-01 -0.58275087E-03 0.26507920E-03
 -0.37821578E+01 0.13881366E+02 0.36019151E-01 -0.58134701E-03 0.26430382E-03
 -0.37690504E+01 0.13996692E+02 0.34965006E-01 -0.37893887E-03 0.26520423E-03
 -0.37560472E+01 0.14103427E+02 0.34491465E-01 -0.24716647E-03 0.26598561E-03
 -0.37429996E+01 0.14180984E+02 0.35730953E-01 -0.42629652E-03 0.26591898E-03
 -0.37301034E+01 0.14292953E+02 0.34434888E-01 -0.14226443E-03 0.26027008E-03
 -0.37171780E+01 0.14378676E+02 0.34622308E-01 -0.10702125E-03 0.26030466E-03
 -0.37044627E+01 0.14504349E+02 0.32081113E-01 0.41024420E-03 0.25930588E-03
 -0.36917149E+01 0.14598638E+02 0.32007757E-01 0.40721292E-03 0.25962797E-03
 -0.36790965E+01 0.14708783E+02 0.30764664E-01 0.63878944E-03 0.26051846E-03
 -0.36664883E+01 0.14809338E+02 0.29702070E-01 0.89158038E-03 0.26385139E-03
 -0.36538401E+01 0.14879283E+02 0.30549719E-01 0.81311794E-03 0.26112650E-03
 -0.36412587E+01 0.14950208E+02 0.31965310E-01 0.53237589E-03 0.26238225E-03
 -0.36287570E+01 0.15048643E+02 0.31006324E-01 0.71386038E-03 0.26153118E-03
 -0.36163353E+01 0.15154785E+02 0.29255550E-01 0.10894085E-02 0.26180332E-03
 -0.36039152E+01 0.15234824E+02 0.29498006E-01 0.10447594E-02 0.26619331E-03
 -0.35914912E+01 0.15301112E+02 0.31173417E-01 0.66087897E-03 0.26556715E-03
 -0.35791229E+01 0.15380092E+02 0.31549850E-01 0.58531861E-03 0.26513246E-03
 -0.35668246E+01 0.15472468E+02 0.30530350E-01 0.82477838E-03 0.26381252E-03
 -0.35545918E+01 0.15572179E+02 0.29011445E-01 0.11406941E-02 0.25925099E-03
 -0.35423086E+01 0.15655426E+02 0.28666469E-01 0.12205359E-02 0.26231960E-03
 -0.35299903E+01 0.15713646E+02 0.30596068E-01 0.77635168E-03 0.26485585E-03
 -0.35177198E+01 0.15771973E+02 0.31806320E-01 0.59365227E-03 0.26496386E-03
 -0.35054553E+01 0.15833034E+02 0.32841466E-01 0.41456171E-03 0.26465630E-03
 -0.34932898E+01 0.15907419E+02 0.33184105E-01 0.33871555E-03 0.26191300E-03
 -0.34810696E+01 0.15957511E+02 0.34904735E-01 0.42327851E-04 0.26000849E-03
 -0.34689367E+01 0.16047524E+02 0.33697881E-01 0.27549613E-03 0.25849623E-03
 -0.34568166E+01 0.16142553E+02 0.31937711E-01 0.64380138E-03 0.25860973E-03
 -0.34446747E+01 0.16210672E+02 0.32515546E-01 0.49479350E-03 0.25800705E-03
 -0.34325706E+01 0.16285598E+02 0.32617252E-01 0.44840574E-03 0.25863091E-03
 -0.34204297E+01 0.16353558E+02 0.32667127E-01 0.46344345E-03 0.25715400E-03
 -0.34082256E+01 0.16395871E+02 0.34790718E-01 0.27666959E-04 0.25258062E-03
 -0.33960677E+01 0.16454487E+02 0.35887963E-01 -0.21478659E-03 0.25548149E-03
 -0.33839213E+01 0.16527868E+02 0.35107577E-01 -0.11847038E-04 0.25702170E-03
 -0.33717858E+01 0.16594369E+02 0.35349031E-01 -0.77414272E-04 0.25954081E-03
 -0.33596658E+01 0.16667902E+02 0.34800449E-01 0.59077219E-04 0.25936713E-03
 -0.33475205E+01 0.16718035E+02 0.36334570E-01 -0.28546137E-03 0.26102544E-03
 -0.33353785E+01 0.16791095E+02 0.35791882E-01 -0.18224858E-03 0.26543916E-03
 -0.33232066E+01 0.16847357E+02 0.36764907E-01 -0.41232576E-03 0.26485003E-03
 -0.33110186E+01 0.16921183E+02 0.36272210E-01 -0.34859005E-03 0.26361604E-03
 -0.32988619E+01 0.17002949E+02 0.35106463E-01 -0.16167795E-03 0.26266136E-03
 -0.32866667E+01 0.17075875E+02 0.34234110E-01 0.37763772E-04 0.26323953E-03
 -0.32744797E+01 0.17153620E+02 0.33086193E-01 0.28078637E-03 0.26353953E-03
 -0.32622254E+01 0.17215827E+02 0.33098802E-01 0.29434705E-03 0.26590336E-03
 -0.32499013E+01 0.17256823E+02 0.34768498E-01 -0.41402417E-04 0.26471887E-03
 -0.32376414E+01 0.17326949E+02 0.34010395E-01 0.12918120E-03 0.26323568E-03
 -0.32253566E+01 0.17397749E+02 0.33575679E-01 0.18812433E-03 0.25989040E-03
 -0.32130074E+01 0.17450812E+02 0.34109642E-01 0.10071707E-03 0.25965096E-03
 -0.32006335E+01 0.17504793E+02 0.34741290E-01 -0.53246617E-04 0.25980751E-03
 -0.31883046E+01 0.17586696E+02 0.33528104E-01 0.12926556E-03 0.25752073E-03
 -0.31758632E+01 0.17644389E+02 0.33548417E-01 0.12575546E-03 0.25540422E-03
 -0.31634146E+01 0.17706348E+02 0.33263792E-01 0.18340132E-03 0.25743925E-03
 -0.31508486E+01 0.17746139E+02 0.34410738E-01 -0.12557155E-04 0.25413772E-03
 -0.31383004E+01 0.17808440E+02 0.34099740E-01 0.35154149E-04 0.25307154E-03
 -0.31257033E+01 0.17871717E+02 0.34108070E-01 -0.55352889E-04 0.24985727E-03
 -0.31130437E+01 0.17931386E+02 0.33826627E-01 -0.28930893E-04 0.25311782E-03
 -0.31003992E+01 0.18002773E+02 0.32739840E-01 0.18829023E-03 0.25084480E-03
 -0.30876419E+01 0.18060885E+02 0.32491989E-01 0.23958577E-03 0.25450354E-03
 -0.30748317E+01 0.18120810E+02 0.32059296E-01 0.34559092E-03 0.25354515E-03
 -0.30620121E+01 0.18207732E+02 0.29498397E-01 0.81914066E-03 0.25322629E-03
 -0.30491000E+01 0.18252970E+02 0.30479813E-01 0.58774522E-03 0.25411616E-03
 -0.30361618E+01 0.18312214E+02 0.30430666E-01 0.55145656E-03 0.25617536E-03
 -0.30231979E+01 0.18386345E+02 0.29186917E-01 0.75886034E-03 0.25772609E-03
 -0.30101389E+01 0.18442229E+02 0.29382641E-01 0.67211008E-03 0.25654255E-03
 -0.29969748E+01 0.18501419E+02 0.29040305E-01 0.70838547E-03 0.25307225E-03
 -0.29836877E+01 0.18544808E+02 0.29472888E-01 0.64611194E-03 0.25028547E-03
 -0.29703604E+01 0.18576039E+02 0.31412508E-01 0.23032828E-03 0.25379410E-03
 -0.29570020E+01 0.18637179E+02 0.31339917E-01 0.16730963E-03 0.25422819E-03
 -0.29434563E+01 0.18673095E+02 0.32808703E-01 -0.19751030E-03 0.25273195E-03
 -0.29299077E+01 0.18720078E+02 0.33570271E-01 -0.39470288E-03 0.25610259E-03
 -0.29163292E+01 0.18789525E+02 0.32783235E-01 -0.32029592E-03 0.25555712E-03
 -0.29025934E+01 0.18844634E+02 0.32510313E-01 -0.28478526E-03 0.25897265E-03
 -0.28887316E+01 0.18892895E+02 0.33325778E-01 -0.58195798E-03 0.25867176E-03
 -0.28747444E+01 0.18933215E+02 0.34000038E-01 -0.74998806E-03 0.25808887E-03
 -0.28606956E+01 0.18995537E+02 0.33272217E-01 -0.66669620E-03 0.26178593E-03
 -0.28465293E+01 0.19051835E+02 0.32922501E-01 -0.63691105E-03 0.26587954E-03
 -0.28321700E+01 0.19077541E+02 0.34858143E-01 -0.10536411E-02 0.26895774E-03
 -0.28177332E+01 0.19121421E+02 0.35275736E-01 -0.11492468E-02 0.26646601E-03
 -0.28032080E+01 0.19163816E+02 0.36238070E-01 -0.13933999E-02 0.26810649E-03
 -0.27886075E+01 0.19233923E+02 0.35147925E-01 -0.12406062E-02 0.26803350E-03
 -0.27738342E+01 0.19292018E+02 0.34866537E-01 -0.12608122E-02 0.26817164E-03
 -0.27588893E+01 0.19335019E+02 0.34939166E-01 -0.12501584E-02 0.27216205E-03
 -0.27438036E+01 0.19381260E+02 0.35379333E-01 -0.14013499E-02 0.27342507E-03
 -0.27286298E+01 0.19456057E+02 0.33635912E-01 -0.11322525E-02 0.27703408E-03
 -0.27132436E+01 0.19511319E+02 0.33398822E-01 -0.11776351E-02 0.27864303E-03
 -0.26976586E+01 0.19542933E+02 0.34747410E-01 -0.14604260E-02 0.28202022E-03
 -0.26819316E+01 0.19594089E+02 0.34778916E-01 -0.15330096E-02 0.28214289E-03
 -0.26660295E+01 0.19647566E+02 0.34245150E-01 -0.14327695E-02 0.28054326E-03
 -0.26499408E+01 0.19692854E+02 0.34758757E-01 -0.16089330E-02 0.28539532E-03
 -0.26336142E+01 0.19747632E+02 0.34334624E-01 -0.15859642E-02 0.28219958E-03
 -0.26171020E+01 0.19798554E+02 0.34066245E-01 -0.15569682E-02 0.28425803E-03
 -0.26003979E+01 0.19863570E+02 0.32852233E-01 -0.13955416E-02 0.28409368E-03
 -0.25834690E+01 0.19927810E+02 0.31648627E-01 -0.11873690E-02 0.28649433E-03
 -0.25663282E+01 0.19981912E+02 0.31799309E-01 -0.13480927E-02 0.28892859E-03
 -0.25489508E+01 0.20046156E+02 0.31021961E-01 -0.12825877E-02 0.29429393E-03
 -0.25312647E+01 0.20122516E+02 0.28672416E-01 -0.85218822E-03 0.29940505E-03
 -0.25133342E+01 0.20181034E+02 0.27519936E-01 -0.58242179E-03 0.30448247E-03
 -0.24951431E+01 0.20250100E+02 0.25772855E-01 -0.25781857E-03 0.30638736E-03
 -0.24764819E+01 0.20280901E+02 0.26401458E-01 -0.34831684E-03 0.31311723E-03
 -0.24575495E+01 0.20323268E+02 0.27072877E-01 -0.56067686E-03 0.31637046E-03
 -0.24383575E+01 0.20399119E+02 0.24927910E-01 -0.21398682E-03 0.31551218E-03
 -0.24187362E+01 0.20442487E+02 0.25090296E-01 -0.30528939E-03 0.31578491E-03
 -0.23987938E+01 0.20501298E+02 0.23986648E-01 -0.93314961E-04 0.31712974E-03
 -0.23784431E+01 0.20554175E+02 0.23790432E-01 -0.12848210E-03 0.32127297E-03
 -0.23575814E+01 0.20580339E+02 0.25338640E-01 -0.44866733E-03 0.32438024E-03
 -0.23362211E+01 0.20594407E+02 0.27880588E-01 -0.99529740E-03 0.32309778E-03
 -0.23143880E+01 0.20623965E+02 0.29240334E-01 -0.13182090E-02 0.33120780E-03
 -0.22921689E+01 0.20690651E+02 0.28244999E-01 -0.12249721E-02 0.32942984E-03
 -0.22693542E+01 0.20730750E+02 0.28816539E-01 -0.13917543E-02 0.32905668E-03
 -0.22460066E+01 0.20781469E+02 0.28879337E-01 -0.14967455E-02 0.33151274E-03
 -0.22218957E+01 0.20814499E+02 0.29964280E-01 -0.17983377E-02 0.33363817E-03
 -0.21973361E+01 0.20909139E+02 0.26856061E-01 -0.12750212E-02 0.34016790E-03
 -0.21718951E+01 0.20957403E+02 0.26791909E-01 -0.13207035E-02 0.34443603E-03
 -0.21455508E+01 0.20976431E+02 0.28767662E-01 -0.17147945E-02 0.35396784E-03
 -0.21185028E+01 0.21057256E+02 0.25932393E-01 -0.11788056E-02 0.36480439E-03
 -0.20905131E+01 0.21113694E+02 0.25296574E-01 -0.10995172E-02 0.36989735E-03
 -0.20615504E+01 0.21193939E+02 0.23927891E-01 -0.10888963E-02 0.37269272E-03
 -0.20312376E+01 0.21231476E+02 0.24039287E-01 -0.11203450E-02 0.37962491E-03
 -0.19998864E+01 0.21318222E+02 0.20995979E-01 -0.59477809E-03 0.37901614E-03
 -0.19671227E+01 0.21420185E+02 0.16534149E-01 0.25065145E-03 0.39087734E-03
 -0.19327330E+01 0.21460283E+02 0.17271013E-01 0.16874646E-04 0.40202231E-03
 -0.18966451E+01 0.21484065E+02 0.19146980E-01 -0.35112814E-03 0.40714490E-03
 -0.18585565E+01 0.21514061E+02 0.19794646E-01 -0.43409096E-03 0.41565670E-03
 -0.18182003E+01 0.21542250E+02 0.20838793E-01 -0.70003188E-03 0.42995824E-03
 -0.17754444E+01 0.21650600E+02 0.15663869E-01 0.27183789E-03 0.43900661E-03
 -0.17293948E+01 0.21632011E+02 0.21420267E-01 -0.10484639E-02 0.45759658E-03
 -0.16802864E+01 0.21737938E+02 0.18157326E-01 -0.51175468E-03 0.47063476E-03
 -0.16266579E+01 0.21777475E+02 0.17789233E-01 -0.37201153E-03 0.48341840E-03
 -0.15678048E+01 0.21819643E+02 0.19021332E-01 -0.80606575E-03 0.50650608E-03
 -0.15023888E+01 0.21852910E+02 0.20430951E-01 -0.12431430E-02 0.52773986E-03
 -0.14290937E+01 0.22072562E+02 0.89445491E-02 0.78669925E-03 0.54436825E-03
 -0.13441820E+01 0.22182340E+02 0.43448704E-02 0.16800564E-02 0.59202487E-03
 -0.12429035E+01 0.22221319E+02 0.33139800E-02 0.22365267E-02 0.63574975E-03
 -0.11173678E+01 0.22405506E+02 -0.73767383E-02 0.47681767E-02 0.73725802E-03
 -0.94779163E+00 0.22732627E+02 -0.27828629E-01 0.93242728E-02 0.86447944E-03
 -0.90477952E+00 0.22699140E+02 -0.24170156E-01 0.87883774E-02 0.91951720E-03
 -0.85691797E+00 0.22594840E+02 -0.19407086E-01 0.85172252E-02 0.96866817E-03
 -0.80367556E+00 0.22594018E+02 -0.20429633E-01 0.93305385E-02 0.10170409E-02
 -0.74364222E+00 0.22598655E+02 -0.16297173E-01 0.85429884E-02 0.10828791E-02
 -0.67315948E+00 0.22483695E+02 -0.68748440E-02 0.72247554E-02 0.11626058E-02
 -0.58927136E+00 0.22556603E+02 -0.91874860E-02 0.79257833E-02 0.12413031E-02
 -0.48323282E+00 0.22606299E+02 -0.11835863E-01 0.93773402E-02 0.13883940E-02
 -0.33761412E+00 0.22369676E+02 0.59689676E-02 0.78598895E-02 0.16656045E-02
 -0.99431346E-01 0.22052806E+02 0.28113843E-01 0.75439776E-02 0.22286053E-02
 0.13032833E+00 0.20977246E+02 0.10547915E+00 -0.36268218E-02 0.30237511E-02
 0.41269252E+00 0.20508765E+02 0.14543730E+00 -0.31586575E-02 0.42211061E-02
 0.61481805E+00 0.20535211E+02 0.18413506E+00 -0.90014728E-02 0.57893735E-02
ecmct     9 11  5   40
 -0.69913772E+01 -0.41589603E+02 -0.16098127E+00 -0.15443854E+00 0.53953601E-02
 -0.68348099E+01 -0.36815593E+02 -0.12344986E+00 -0.13322327E+00 0.37997518E-02
 -0.66163230E+01 -0.30035181E+02 -0.96639306E-01 -0.10352504E+00 0.27294339E-02
 -0.64401874E+01 -0.24892511E+02 -0.83630940E-01 -0.82613495E-01 0.20138515E-02
 -0.62524028E+01 -0.20550618E+02 -0.17600124E-01 -0.73915556E-01 0.13996316E-02
 -0.61359838E+01 -0.18009686E+02 0.10540894E-01 -0.66912217E-01 0.11522259E-02
 -0.60512347E+01 -0.15797225E+02 -0.67814854E-02 -0.55865176E-01 0.10103492E-02
 -0.59840854E+01 -0.14127972E+02 -0.10958157E-01 -0.49668758E-01 0.95270460E-03
 -0.59279010E+01 -0.12815567E+02 -0.12768722E-01 -0.44716849E-01 0.92519063E-03
 -0.58790793E+01 -0.11813314E+02 -0.28756959E-03 -0.44019375E-01 0.86138654E-03
 -0.58364971E+01 -0.10830611E+02 -0.21135455E-02 -0.40454291E-01 0.83587808E-03
 -0.57979007E+01 -0.10117450E+02 0.78333523E-02 -0.39761863E-01 0.78146634E-03
 -0.57632163E+01 -0.94021876E+01 0.13091843E-01 -0.39041284E-01 0.74538858E-03
 -0.56243939E+01 -0.67224371E+01 0.27154979E-01 -0.33320557E-01 0.70465453E-03
 -0.55216747E+01 -0.45688337E+01 0.17399482E-01 -0.25849705E-01 0.62853407E-03
 -0.54382483E+01 -0.30823610E+01 0.27099103E-01 -0.24352820E-01 0.54906197E-03
 -0.53677295E+01 -0.19048887E+01 0.39596343E-01 -0.24514609E-01 0.51701224E-03
 -0.53064304E+01 -0.82664047E+00 0.39972689E-01 -0.22410542E-01 0.49108273E-03
 -0.52518055E+01 0.70172875E-01 0.41950444E-01 -0.20723832E-01 0.46803891E-03
 -0.52022873E+01 0.83198073E+00 0.45913914E-01 -0.19691787E-01 0.43877079E-03
 -0.51568484E+01 0.14754634E+01 0.51590009E-01 -0.19174291E-01 0.42023915E-03
 -0.51151427E+01 0.21776842E+01 0.48756777E-01 -0.17412419E-01 0.40574839E-03
 -0.50761820E+01 0.27489601E+01 0.52561884E-01 -0.17073240E-01 0.39778698E-03
 -0.50395083E+01 0.32471783E+01 0.56915341E-01 -0.16883807E-01 0.39319809E-03
 -0.50051470E+01 0.37838241E+01 0.53916952E-01 -0.15301818E-01 0.37623688E-03
 -0.49726190E+01 0.42854558E+01 0.52313058E-01 -0.14170069E-01 0.36451648E-03
 -0.49415400E+01 0.46617037E+01 0.58460499E-01 -0.14692831E-01 0.35461300E-03
 -0.49120304E+01 0.50915257E+01 0.58071254E-01 -0.13941306E-01 0.34261467E-03
 -0.48837693E+01 0.55078591E+01 0.57035622E-01 -0.13146434E-01 0.34086201E-03
 -0.48565513E+01 0.58649394E+01 0.58639221E-01 -0.12885573E-01 0.33351655E-03
 -0.48303573E+01 0.62210321E+01 0.58121690E-01 -0.12170914E-01 0.33397792E-03
 -0.48050773E+01 0.65465978E+01 0.59378698E-01 -0.11888546E-01 0.33132228E-03
 -0.47808796E+01 0.69280987E+01 0.55547961E-01 -0.10745572E-01 0.32756770E-03
 -0.47573030E+01 0.72570621E+01 0.54345858E-01 -0.10123719E-01 0.32485749E-03
 -0.47344400E+01 0.75917526E+01 0.50918063E-01 -0.90220417E-02 0.31621158E-03
 -0.47121769E+01 0.78541455E+01 0.53405656E-01 -0.92207565E-02 0.31457240E-03
 -0.46904336E+01 0.81059505E+01 0.55364059E-01 -0.93288060E-02 0.30522902E-03
 -0.46693415E+01 0.83630929E+01 0.56167680E-01 -0.91615862E-02 0.30298879E-03
 -0.46487898E+01 0.86485805E+01 0.53425237E-01 -0.82774853E-02 0.30702454E-03
 -0.46286336E+01 0.88859145E+01 0.53942596E-01 -0.80622583E-02 0.30684561E-03
 -0.46089486E+01 0.91330310E+01 0.52919369E-01 -0.75533957E-02 0.30508435E-03
 -0.45896267E+01 0.93467653E+01 0.53701184E-01 -0.73767610E-02 0.29940016E-03
 -0.45707947E+01 0.95899268E+01 0.51780364E-01 -0.66866478E-02 0.30185890E-03
 -0.45523586E+01 0.98169751E+01 0.51246035E-01 -0.63642263E-02 0.29969016E-03
 -0.45341956E+01 0.10009374E+02 0.52809579E-01 -0.64528654E-02 0.29367491E-03
 -0.45163668E+01 0.10206468E+02 0.53860249E-01 -0.65017712E-02 0.29126556E-03
 -0.44988797E+01 0.10413241E+02 0.53670481E-01 -0.63250414E-02 0.29197061E-03
 -0.44817062E+01 0.10629334E+02 0.51853827E-01 -0.57425090E-02 0.28710011E-03
 -0.44647289E+01 0.10799560E+02 0.53106712E-01 -0.57639543E-02 0.28573850E-03
 -0.44481202E+01 0.11015218E+02 0.50885841E-01 -0.51766997E-02 0.28493629E-03
 -0.44317408E+01 0.11213125E+02 0.49249411E-01 -0.46557310E-02 0.28595703E-03
 -0.44155515E+01 0.11386854E+02 0.48936486E-01 -0.43664405E-02 0.28386940E-03
 -0.43996340E+01 0.11579226E+02 0.47221384E-01 -0.38480936E-02 0.28133096E-03
 -0.43839459E+01 0.11764772E+02 0.46375807E-01 -0.36111853E-02 0.27525681E-03
 -0.43685146E+01 0.11953849E+02 0.45015943E-01 -0.32712494E-02 0.27470078E-03
 -0.43531602E+01 0.12121335E+02 0.43969897E-01 -0.28994956E-02 0.27311526E-03
 -0.43380414E+01 0.12286031E+02 0.44153218E-01 -0.29503707E-02 0.26920173E-03
 -0.43230532E+01 0.12432286E+02 0.45093202E-01 -0.30148588E-02 0.26867795E-03
 -0.43082299E+01 0.12594151E+02 0.44019462E-01 -0.26527144E-02 0.26445616E-03
 -0.42936378E+01 0.12769968E+02 0.41926884E-01 -0.21343994E-02 0.26644206E-03
 -0.42791898E+01 0.12937065E+02 0.40317369E-01 -0.17211151E-02 0.26385052E-03
 -0.42648834E+01 0.13117997E+02 0.37660490E-01 -0.11580237E-02 0.26685737E-03
 -0.42506553E+01 0.13251329E+02 0.38028465E-01 -0.11060453E-02 0.26535157E-03
 -0.42365493E+01 0.13383150E+02 0.38723798E-01 -0.11915956E-02 0.26509130E-03
 -0.42225778E+01 0.13521220E+02 0.38979084E-01 -0.12269097E-02 0.26508293E-03
 -0.42087350E+01 0.13659355E+02 0.38460715E-01 -0.10516183E-02 0.26355425E-03
 -0.41950039E+01 0.13800573E+02 0.37570552E-01 -0.79323937E-03 0.26816375E-03
 -0.41813645E+01 0.13921646E+02 0.38407371E-01 -0.90746850E-03 0.26896713E-03
 -0.41678714E+01 0.14045694E+02 0.38884951E-01 -0.96336788E-03 0.26943540E-03
 -0.41545054E+01 0.14175390E+02 0.38251137E-01 -0.70214965E-03 0.26489687E-03
 -0.41412223E+01 0.14304616E+02 0.38047065E-01 -0.63850043E-03 0.26705264E-03
 -0.41280065E+01 0.14425203E+02 0.38091352E-01 -0.58860266E-03 0.26968018E-03
 -0.41149003E+01 0.14550865E+02 0.37293706E-01 -0.32298152E-03 0.26561657E-03
 -0.41018698E+01 0.14664876E+02 0.37614566E-01 -0.31995452E-03 0.26592483E-03
 -0.40889129E+01 0.14790979E+02 0.37079040E-01 -0.19896973E-03 0.26429633E-03
 -0.40760275E+01 0.14904097E+02 0.37270999E-01 -0.20113334E-03 0.26308864E-03
 -0.40632641E+01 0.15035999E+02 0.35572344E-01 0.21726172E-03 0.26238613E-03
 -0.40505115E+01 0.15149381E+02 0.35061897E-01 0.43802026E-03 0.25939621E-03
 -0.40378190E+01 0.15250554E+02 0.35819595E-01 0.35165409E-03 0.25773035E-03
 -0.40252004E+01 0.15354542E+02 0.36173408E-01 0.32968025E-03 0.25923752E-03
 -0.40127256E+01 0.15479200E+02 0.35415304E-01 0.44733614E-03 0.26066257E-03
 -0.40001952E+01 0.15573178E+02 0.35997044E-01 0.41614667E-03 0.26049195E-03
 -0.39876963E+01 0.15661594E+02 0.36837689E-01 0.35202144E-03 0.25854154E-03
 -0.39753228E+01 0.15767192E+02 0.36930146E-01 0.36030633E-03 0.25806948E-03
 -0.39629755E+01 0.15865713E+02 0.37248993E-01 0.32875205E-03 0.25669718E-03
 -0.39506694E+01 0.15969531E+02 0.36882488E-01 0.44069279E-03 0.25639021E-03
 -0.39384685E+01 0.16070788E+02 0.37296061E-01 0.32340880E-03 0.25697998E-03
 -0.39262964E+01 0.16193596E+02 0.35401797E-01 0.70991531E-03 0.25724458E-03
 -0.39141116E+01 0.16295591E+02 0.34853665E-01 0.85757245E-03 0.25860679E-03
 -0.39019644E+01 0.16392941E+02 0.34458046E-01 0.10086525E-02 0.25761176E-03
 -0.38898625E+01 0.16491361E+02 0.34204638E-01 0.10799908E-02 0.25921669E-03
 -0.38777806E+01 0.16572688E+02 0.35403253E-01 0.82783152E-03 0.25768270E-03
 -0.38657638E+01 0.16660386E+02 0.36028187E-01 0.70902081E-03 0.25553109E-03
 -0.38538139E+01 0.16761576E+02 0.35125760E-01 0.93072437E-03 0.25818093E-03
 -0.38418786E+01 0.16859011E+02 0.34871441E-01 0.97913570E-03 0.26083150E-03
 -0.38299663E+01 0.16962227E+02 0.33905487E-01 0.11727207E-02 0.26121686E-03
 -0.38181082E+01 0.17074512E+02 0.32709080E-01 0.13573595E-02 0.26076591E-03
 -0.38061967E+01 0.17160924E+02 0.32900308E-01 0.13404067E-02 0.25601324E-03
 -0.37942971E+01 0.17239254E+02 0.33778386E-01 0.11695726E-02 0.25426712E-03
 -0.37823728E+01 0.17320050E+02 0.34302203E-01 0.10734434E-02 0.25557086E-03
 -0.37705294E+01 0.17416772E+02 0.33651420E-01 0.11811920E-02 0.25711503E-03
 -0.37586639E+01 0.17492961E+02 0.34027255E-01 0.11752041E-02 0.25761107E-03
 -0.37468204E+01 0.17573187E+02 0.34445163E-01 0.11021302E-02 0.25850798E-03
 -0.37349816E+01 0.17659280E+02 0.34123190E-01 0.11934804E-02 0.25863381E-03
 -0.37230851E+01 0.17726428E+02 0.35321184E-01 0.94862705E-03 0.25624598E-03
 -0.37113281E+01 0.17818243E+02 0.35095361E-01 0.91730326E-03 0.25605274E-03
 -0.36995021E+01 0.17911013E+02 0.33803450E-01 0.12331693E-02 0.25403728E-03
 -0.36876647E+01 0.17984443E+02 0.34548337E-01 0.10651630E-02 0.25423031E-03
 -0.36758472E+01 0.18058129E+02 0.35234639E-01 0.92971031E-03 0.25390998E-03
 -0.36640352E+01 0.18137611E+02 0.35511947E-01 0.85170892E-03 0.25269325E-03
 -0.36522408E+01 0.18223560E+02 0.35118821E-01 0.91701685E-03 0.25297987E-03
 -0.36404156E+01 0.18307223E+02 0.34975488E-01 0.90867578E-03 0.25158423E-03
 -0.36285850E+01 0.18382147E+02 0.35362273E-01 0.82363829E-03 0.25695025E-03
 -0.36167109E+01 0.18462756E+02 0.35181198E-01 0.83241380E-03 0.25442864E-03
 -0.36048470E+01 0.18542524E+02 0.34958909E-01 0.86543848E-03 0.25298638E-03
 -0.35929809E+01 0.18624174E+02 0.34485261E-01 0.96651769E-03 0.25436578E-03
 -0.35810557E+01 0.18693791E+02 0.34956395E-01 0.85079486E-03 0.24958035E-03
 -0.35692276E+01 0.18799773E+02 0.32880177E-01 0.11925008E-02 0.24833585E-03
 -0.35572610E+01 0.18860897E+02 0.33904018E-01 0.10014615E-02 0.24751264E-03
 -0.35453126E+01 0.18945592E+02 0.33154184E-01 0.11209900E-02 0.24885031E-03
 -0.35332590E+01 0.18989497E+02 0.35570449E-01 0.60063217E-03 0.24946505E-03
 -0.35212053E+01 0.19062831E+02 0.35299091E-01 0.67608897E-03 0.25366145E-03
 -0.35091685E+01 0.19136249E+02 0.35107825E-01 0.71868027E-03 0.24851072E-03
 -0.34970897E+01 0.19199294E+02 0.35868634E-01 0.55443200E-03 0.24847914E-03
 -0.34849710E+01 0.19250956E+02 0.37530383E-01 0.21385011E-03 0.24464100E-03
 -0.34728505E+01 0.19322184E+02 0.37840421E-01 0.10929364E-03 0.24682722E-03
 -0.34606678E+01 0.19385897E+02 0.38297757E-01 0.41260859E-04 0.25000441E-03
 -0.34484895E+01 0.19461891E+02 0.38279387E-01 -0.25620087E-04 0.24930761E-03
 -0.34362242E+01 0.19527381E+02 0.38499705E-01 -0.65371821E-04 0.24840095E-03
 -0.34239667E+01 0.19603464E+02 0.38204789E-01 -0.45259908E-04 0.24835093E-03
 -0.34116360E+01 0.19689849E+02 0.36821524E-01 0.21708793E-03 0.24597247E-03
 -0.33992244E+01 0.19753362E+02 0.37135190E-01 0.15544491E-03 0.24821192E-03
 -0.33868441E+01 0.19840764E+02 0.35986996E-01 0.34640730E-03 0.24753014E-03
 -0.33743783E+01 0.19917677E+02 0.35603529E-01 0.39925744E-03 0.24834009E-03
 -0.33618891E+01 0.20008462E+02 0.34070955E-01 0.65615880E-03 0.24791369E-03
 -0.33493126E+01 0.20093835E+02 0.33035379E-01 0.79134948E-03 0.25164426E-03
 -0.33366980E+01 0.20194583E+02 0.30522715E-01 0.12527712E-02 0.25156030E-03
 -0.33239460E+01 0.20270467E+02 0.29715468E-01 0.13892193E-02 0.24979190E-03
 -0.33112183E+01 0.20359811E+02 0.28282208E-01 0.16549292E-02 0.25198591E-03
 -0.32983165E+01 0.20418457E+02 0.29189978E-01 0.13892239E-02 0.25589252E-03
 -0.32853570E+01 0.20481382E+02 0.29426191E-01 0.13259985E-02 0.25547358E-03
 -0.32723249E+01 0.20541280E+02 0.29997975E-01 0.11901744E-02 0.25782253E-03
 -0.32592570E+01 0.20626724E+02 0.28336239E-01 0.15143187E-02 0.25895463E-03
 -0.32461107E+01 0.20698341E+02 0.28220960E-01 0.15039213E-02 0.25977719E-03
 -0.32328377E+01 0.20765849E+02 0.28147859E-01 0.14843671E-02 0.26315429E-03
 -0.32195113E+01 0.20842556E+02 0.27475652E-01 0.15688792E-02 0.25800599E-03
 -0.32060591E+01 0.20910840E+02 0.27318914E-01 0.15593555E-02 0.25769636E-03
 -0.31924928E+01 0.20965197E+02 0.28504130E-01 0.12658540E-02 0.25623758E-03
 -0.31788432E+01 0.21025679E+02 0.28937152E-01 0.11341507E-02 0.25595018E-03
 -0.31651180E+01 0.21098939E+02 0.28950937E-01 0.10411651E-02 0.25912059E-03
 -0.31512353E+01 0.21163880E+02 0.28997674E-01 0.10020921E-02 0.26201479E-03
 -0.31371890E+01 0.21215718E+02 0.29752804E-01 0.83467782E-03 0.25904494E-03
 -0.31230244E+01 0.21254632E+02 0.32064219E-01 0.31656691E-03 0.26090094E-03
 -0.31088035E+01 0.21331389E+02 0.31527189E-01 0.32649539E-03 0.26377901E-03
 -0.30944570E+01 0.21392741E+02 0.32103738E-01 0.16829183E-03 0.27059118E-03
 -0.30799648E+01 0.21455220E+02 0.32457507E-01 0.13113915E-04 0.27676979E-03
 -0.30653692E+01 0.21547532E+02 0.30496639E-01 0.33273736E-03 0.27645795E-03
 -0.30505935E+01 0.21598609E+02 0.31802018E-01 0.14003369E-04 0.28032890E-03
 -0.30356815E+01 0.21680992E+02 0.30479873E-01 0.18504338E-03 0.28001595E-03
 -0.30205535E+01 0.21730673E+02 0.31681945E-01 -0.12338837E-03 0.27885793E-03
 -0.30052635E+01 0.21804690E+02 0.30615120E-01 0.64985713E-04 0.28014398E-03
 -0.29898635E+01 0.21889161E+02 0.28964607E-01 0.36144669E-03 0.28302368E-03
 -0.29742470E+01 0.21964386E+02 0.28102509E-01 0.47587926E-03 0.28685590E-03
 -0.29584504E+01 0.22029517E+02 0.28063087E-01 0.45804665E-03 0.28836828E-03
 -0.29424132E+01 0.22100591E+02 0.27571208E-01 0.51209561E-03 0.28572888E-03
 -0.29261227E+01 0.22153372E+02 0.28352119E-01 0.31447805E-03 0.28776432E-03
 -0.29097309E+01 0.22220321E+02 0.28537045E-01 0.19401756E-03 0.29100500E-03
 -0.28930873E+01 0.22297499E+02 0.27597791E-01 0.32935438E-03 0.29119319E-03
 -0.28761085E+01 0.22347236E+02 0.28463328E-01 0.13788244E-03 0.28899251E-03
 -0.28588774E+01 0.22398563E+02 0.29495623E-01 -0.12157180E-03 0.29399107E-03
 -0.28414470E+01 0.22464159E+02 0.30024095E-01 -0.34981289E-03 0.29116400E-03
 -0.28237394E+01 0.22536848E+02 0.29522752E-01 -0.30814021E-03 0.28859767E-03
 -0.28057898E+01 0.22603634E+02 0.30202389E-01 -0.59005231E-03 0.28974452E-03
 -0.27874839E+01 0.22685382E+02 0.29232660E-01 -0.50675036E-03 0.28951349E-03
 -0.27687642E+01 0.22729833E+02 0.30800078E-01 -0.88054052E-03 0.29217307E-03
 -0.27497571E+01 0.22785760E+02 0.32239657E-01 -0.13042868E-02 0.29485965E-03
 -0.27303593E+01 0.22846520E+02 0.32572260E-01 -0.14497115E-02 0.29979484E-03
 -0.27105611E+01 0.22922211E+02 0.31813003E-01 -0.13887676E-02 0.30587332E-03
 -0.26903420E+01 0.22982335E+02 0.32349011E-01 -0.16095789E-02 0.31185100E-03
 -0.26696832E+01 0.23049210E+02 0.32355913E-01 -0.16696403E-02 0.31401456E-03
 -0.26485650E+01 0.23135073E+02 0.30703066E-01 -0.14116608E-02 0.31830657E-03
 -0.26270237E+01 0.23226389E+02 0.28719773E-01 -0.10927357E-02 0.32036472E-03
 -0.26048328E+01 0.23268720E+02 0.30893320E-01 -0.15803615E-02 0.32618617E-03
 -0.25822356E+01 0.23349991E+02 0.31233005E-01 -0.18596540E-02 0.32507618E-03
 -0.25589074E+01 0.23419823E+02 0.31261643E-01 -0.19538011E-02 0.33788612E-03
 -0.25350972E+01 0.23534788E+02 0.28562926E-01 -0.16099708E-02 0.34220514E-03
 -0.25104449E+01 0.23622052E+02 0.27214336E-01 -0.14279264E-02 0.34662984E-03
 -0.24851125E+01 0.23749750E+02 0.22785695E-01 -0.66265231E-03 0.34504092E-03
 -0.24587807E+01 0.23847721E+02 0.20329079E-01 -0.24173103E-03 0.34902277E-03
 -0.24315957E+01 0.23943025E+02 0.18321524E-01 0.10752279E-03 0.35149599E-03
 -0.24033858E+01 0.24014417E+02 0.18831481E-01 -0.14209838E-03 0.35755473E-03
 -0.23740200E+01 0.24054605E+02 0.21262019E-01 -0.64183397E-03 0.36753216E-03
 -0.23435991E+01 0.24183214E+02 0.16718914E-01 0.18557063E-03 0.36826731E-03
 -0.23117275E+01 0.24247215E+02 0.18016219E-01 -0.20584851E-03 0.36878185E-03
 -0.22782655E+01 0.24312322E+02 0.19678873E-01 -0.77681926E-03 0.37910477E-03
 -0.22433273E+01 0.24408084E+02 0.18953657E-01 -0.82364115E-03 0.39413464E-03
 -0.22066194E+01 0.24537518E+02 0.16039828E-01 -0.40533162E-03 0.40441643E-03
 -0.21673498E+01 0.24546657E+02 0.21513297E-01 -0.15421240E-02 0.41808377E-03
 -0.21257008E+01 0.24592426E+02 0.23861902E-01 -0.20277268E-02 0.43497009E-03
 -0.20814169E+01 0.24748608E+02 0.18448610E-01 -0.11598672E-02 0.45747045E-03
 -0.20333555E+01 0.24813728E+02 0.20494492E-01 -0.16351535E-02 0.47138942E-03
 -0.19816628E+01 0.24944026E+02 0.20251274E-01 -0.19672219E-02 0.49496331E-03
 -0.19247061E+01 0.25083083E+02 0.16556145E-01 -0.13078343E-02 0.53933470E-03
 -0.18615597E+01 0.25233151E+02 0.12375956E-01 -0.45304704E-03 0.55443223E-03
 -0.17898837E+01 0.25384458E+02 0.74538396E-02 0.62069325E-03 0.58491003E-03
 -0.17073489E+01 0.25508624E+02 0.63306403E-02 0.76271863E-03 0.62768137E-03
 -0.16089200E+01 0.25463439E+02 0.17660197E-01 -0.13679700E-02 0.67660067E-03
 -0.14866797E+01 0.25743440E+02 0.61759750E-02 0.78667107E-03 0.74382160E-03
 -0.13225462E+01 0.26260968E+02 -0.15752455E-01 0.45738838E-02 0.86348174E-03
 -0.12805226E+01 0.26308339E+02 -0.19431450E-01 0.57041498E-02 0.91154238E-03
 -0.12341770E+01 0.26198992E+02 -0.66501583E-02 0.32878935E-02 0.95037592E-03
 -0.11826134E+01 0.26334257E+02 -0.15078442E-01 0.51694421E-02 0.10255338E-02
 -0.11245041E+01 0.26643206E+02 -0.32501707E-01 0.84701600E-02 0.10617059E-02
 -0.10557973E+01 0.26555212E+02 -0.26015018E-01 0.79816301E-02 0.11827032E-02
 -0.97390318E+00 0.26749968E+02 -0.39654198E-01 0.11469828E-01 0.12667563E-02
 -0.87147840E+00 0.26948843E+02 -0.46417442E-01 0.13426324E-01 0.14425607E-02
 -0.73175314E+00 0.27269737E+02 -0.55763046E-01 0.15810289E-01 0.16751331E-02
 -0.49919927E+00 0.27125443E+02 -0.37010859E-01 0.14865757E-01 0.22040476E-02
 -0.27983444E+00 0.27244754E+02 -0.28306479E-01 0.15112991E-01 0.28854297E-02
 -0.49957817E-02 0.27571485E+02 -0.42015650E-01 0.24669601E-01 0.43843574E-02
 0.18806698E+00 0.29011390E+02 -0.11639513E+00 0.43596515E-01 0.58416818E-02
ecmctt    9 12  5   40
 -0.72132668E+01 -0.48019051E+02 0.16282818E+00 -0.24181444E+00 0.53689963E-02
 -0.70606577E+01 -0.41233852E+02 0.48551958E-01 -0.18243165E+00 0.42018612E-02
 -0.68476023E+01 -0.32768521E+02 -0.60135112E-01 -0.11913463E+00 0.26418781E-02
 -0.66721631E+01 -0.28069182E+02 0.62138693E-02 -0.10667009E+00 0.20188413E-02
 -0.64862986E+01 -0.22880740E+02 0.12531837E-01 -0.84783883E-01 0.13155075E-02
 -0.63729297E+01 -0.19668421E+02 -0.97198730E-03 -0.68072235E-01 0.11752294E-02
 -0.62898347E+01 -0.17321063E+02 -0.69677781E-02 -0.59315419E-01 0.10242552E-02
 -0.62230414E+01 -0.15846094E+02 0.10196067E-01 -0.56461578E-01 0.89186690E-03
 -0.61672255E+01 -0.14435712E+02 0.36950171E-02 -0.49648505E-01 0.87606172E-03
 -0.61190670E+01 -0.13385721E+02 0.13445538E-01 -0.48008893E-01 0.82369812E-03
 -0.60772809E+01 -0.12284895E+02 0.10019052E-01 -0.44500629E-01 0.77933266E-03
 -0.60393971E+01 -0.11369330E+02 0.94041215E-02 -0.41726961E-01 0.73872795E-03
 -0.60050395E+01 -0.10552567E+02 0.79418381E-02 -0.39070970E-01 0.72548367E-03
 -0.58686062E+01 -0.75864388E+01 0.23022870E-01 -0.34093323E-01 0.62133804E-03
 -0.57668992E+01 -0.53744641E+01 0.19161839E-01 -0.27712298E-01 0.58251909E-03
 -0.56843655E+01 -0.37819580E+01 0.26368738E-01 -0.25141583E-01 0.54782001E-03
 -0.56147129E+01 -0.25152564E+01 0.31617758E-01 -0.22596341E-01 0.51537077E-03
 -0.55541818E+01 -0.13643699E+01 0.32179170E-01 -0.20146165E-01 0.47488698E-03
 -0.55005466E+01 -0.34474860E+00 0.32528924E-01 -0.18298623E-01 0.45414796E-03
 -0.54520001E+01 0.55854333E+00 0.32797756E-01 -0.16750163E-01 0.42719334E-03
 -0.54072577E+01 0.13023554E+01 0.36580226E-01 -0.15977974E-01 0.40702532E-03
 -0.53661030E+01 0.19622479E+01 0.41667396E-01 -0.15690076E-01 0.39300026E-03
 -0.53278792E+01 0.26502497E+01 0.39188190E-01 -0.14053000E-01 0.38620114E-03
 -0.52919694E+01 0.32288522E+01 0.41913450E-01 -0.13589226E-01 0.37571240E-03
 -0.52580919E+01 0.37266300E+01 0.47281940E-01 -0.13745635E-01 0.36456558E-03
 -0.52258951E+01 0.42049717E+01 0.50622327E-01 -0.13550928E-01 0.35050306E-03
 -0.51955886E+01 0.47708837E+01 0.44945794E-01 -0.11734813E-01 0.34195098E-03
 -0.51664870E+01 0.52493897E+01 0.43116244E-01 -0.10654464E-01 0.32748112E-03
 -0.51384806E+01 0.56421150E+01 0.45121667E-01 -0.10298114E-01 0.32302788E-03
 -0.51118440E+01 0.60714482E+01 0.44502627E-01 -0.96305921E-02 0.32140349E-03
 -0.50859672E+01 0.63979721E+01 0.49080001E-01 -0.98755163E-02 0.31202487E-03
 -0.50611847E+01 0.67941994E+01 0.46878568E-01 -0.89279760E-02 0.31108206E-03
 -0.50371748E+01 0.71495475E+01 0.46867710E-01 -0.85002224E-02 0.31122049E-03
 -0.50139256E+01 0.74839697E+01 0.46369962E-01 -0.78696951E-02 0.30438053E-03
 -0.49913142E+01 0.77871055E+01 0.48245325E-01 -0.78533989E-02 0.30501421E-03
 -0.49693256E+01 0.80562528E+01 0.51693522E-01 -0.81516549E-02 0.30377639E-03
 -0.49480499E+01 0.83573886E+01 0.51763834E-01 -0.77988026E-02 0.30145695E-03
 -0.49272835E+01 0.86348361E+01 0.52662795E-01 -0.76270816E-02 0.30150130E-03
 -0.49070327E+01 0.89334925E+01 0.51136236E-01 -0.69821835E-02 0.29836025E-03
 -0.48873454E+01 0.92248822E+01 0.50214736E-01 -0.65518995E-02 0.29323618E-03
 -0.48679497E+01 0.94912980E+01 0.48989139E-01 -0.59243726E-02 0.29097547E-03
 -0.48491031E+01 0.97630923E+01 0.47794182E-01 -0.54402440E-02 0.28810254E-03
 -0.48305309E+01 0.10005387E+02 0.47953052E-01 -0.52413674E-02 0.29271103E-03
 -0.48123456E+01 0.10242663E+02 0.47900394E-01 -0.49668670E-02 0.28821079E-03
 -0.47945183E+01 0.10472526E+02 0.48113605E-01 -0.47641841E-02 0.28988266E-03
 -0.47770622E+01 0.10696095E+02 0.48679114E-01 -0.46851381E-02 0.29190256E-03
 -0.47599738E+01 0.10937410E+02 0.47523265E-01 -0.43262204E-02 0.28809768E-03
 -0.47430924E+01 0.11151580E+02 0.48233217E-01 -0.43963424E-02 0.28166639E-03
 -0.47265566E+01 0.11382135E+02 0.47014997E-01 -0.40217253E-02 0.28316698E-03
 -0.47102138E+01 0.11574097E+02 0.48029818E-01 -0.40407938E-02 0.28218462E-03
 -0.46941967E+01 0.11790776E+02 0.47074813E-01 -0.36999614E-02 0.28306835E-03
 -0.46783938E+01 0.12008863E+02 0.45214757E-01 -0.31316037E-02 0.28495919E-03
 -0.46627283E+01 0.12209402E+02 0.44127530E-01 -0.27402533E-02 0.28146453E-03
 -0.46471778E+01 0.12383167E+02 0.44623568E-01 -0.26569411E-02 0.27974949E-03
 -0.46318906E+01 0.12553520E+02 0.44963796E-01 -0.25386010E-02 0.28005837E-03
 -0.46168062E+01 0.12740226E+02 0.43892438E-01 -0.21257112E-02 0.28092143E-03
 -0.46019070E+01 0.12915222E+02 0.43872109E-01 -0.20156618E-02 0.28018442E-03
 -0.45872883E+01 0.13102763E+02 0.43336509E-01 -0.18785114E-02 0.27717161E-03
 -0.45727589E+01 0.13268832E+02 0.43766164E-01 -0.18629448E-02 0.27448007E-03
 -0.45583662E+01 0.13427351E+02 0.44406257E-01 -0.18904112E-02 0.27879707E-03
 -0.45441739E+01 0.13614092E+02 0.42801778E-01 -0.14942374E-02 0.27454810E-03
 -0.45300608E+01 0.13769803E+02 0.42989590E-01 -0.14048034E-02 0.27223075E-03
 -0.45161820E+01 0.13957621E+02 0.40764686E-01 -0.89595045E-03 0.27177917E-03
 -0.45023853E+01 0.14127082E+02 0.39639069E-01 -0.62632415E-03 0.27391387E-03
 -0.44887390E+01 0.14300881E+02 0.38006682E-01 -0.21279058E-03 0.27035050E-03
 -0.44751022E+01 0.14440951E+02 0.38558470E-01 -0.24004053E-03 0.26835041E-03
 -0.44615936E+01 0.14593456E+02 0.37456753E-01 0.13520965E-03 0.26895683E-03
 -0.44483098E+01 0.14771046E+02 0.34838441E-01 0.69857217E-03 0.26658359E-03
 -0.44350280E+01 0.14896034E+02 0.36079169E-01 0.52949325E-03 0.26486327E-03
 -0.44218409E+01 0.15023589E+02 0.36716210E-01 0.52155730E-03 0.26242228E-03
 -0.44087786E+01 0.15164499E+02 0.36391548E-01 0.64508175E-03 0.26374697E-03
 -0.43958638E+01 0.15308077E+02 0.36150001E-01 0.70500221E-03 0.26263928E-03
 -0.43830450E+01 0.15453756E+02 0.35101642E-01 0.10186109E-02 0.26185653E-03
 -0.43702490E+01 0.15584348E+02 0.35091298E-01 0.11002263E-02 0.25602499E-03
 -0.43575352E+01 0.15710059E+02 0.35532775E-01 0.10420039E-02 0.25469404E-03
 -0.43448854E+01 0.15838685E+02 0.35112721E-01 0.12194735E-02 0.25225071E-03
 -0.43323167E+01 0.15968049E+02 0.34898191E-01 0.13134442E-02 0.25288118E-03
 -0.43198118E+01 0.16082646E+02 0.35572739E-01 0.12559403E-02 0.25076670E-03
 -0.43073814E+01 0.16212321E+02 0.35010736E-01 0.14184101E-02 0.25051186E-03
 -0.42950662E+01 0.16360400E+02 0.33046262E-01 0.18124891E-02 0.25087304E-03
 -0.42826849E+01 0.16459603E+02 0.34386228E-01 0.16205049E-02 0.25098451E-03
 -0.42704675E+01 0.16589448E+02 0.33863495E-01 0.17059383E-02 0.25017315E-03
 -0.42582256E+01 0.16688103E+02 0.35213169E-01 0.14987525E-02 0.24855170E-03
 -0.42460621E+01 0.16786414E+02 0.36575156E-01 0.12440462E-02 0.25044997E-03
 -0.42340046E+01 0.16923683E+02 0.34819949E-01 0.16037150E-02 0.24977338E-03
 -0.42219582E+01 0.17045891E+02 0.34472599E-01 0.16655914E-02 0.24980662E-03
 -0.42100142E+01 0.17162126E+02 0.34534416E-01 0.16606035E-02 0.25138952E-03
 -0.41981202E+01 0.17285084E+02 0.33790460E-01 0.17959627E-02 0.25182534E-03
 -0.41861977E+01 0.17400953E+02 0.33165389E-01 0.19406219E-02 0.25086839E-03
 -0.41742621E+01 0.17497369E+02 0.33769061E-01 0.18887836E-02 0.24936731E-03
 -0.41624330E+01 0.17605927E+02 0.33823551E-01 0.18853505E-02 0.25034564E-03
 -0.41506497E+01 0.17710334E+02 0.33910741E-01 0.19096721E-02 0.25028206E-03
 -0.41388328E+01 0.17803411E+02 0.34801944E-01 0.17412828E-02 0.25221735E-03
 -0.41270695E+01 0.17884133E+02 0.36709460E-01 0.13917922E-02 0.24979279E-03
 -0.41153452E+01 0.17989807E+02 0.36166750E-01 0.15736025E-02 0.24779157E-03
 -0.41036356E+01 0.18092579E+02 0.36102253E-01 0.15911729E-02 0.24894030E-03
 -0.40919654E+01 0.18178146E+02 0.37764613E-01 0.12593209E-02 0.24718628E-03
 -0.40803244E+01 0.18290794E+02 0.36831585E-01 0.14548394E-02 0.24507656E-03
 -0.40687077E+01 0.18391049E+02 0.37156098E-01 0.13691852E-02 0.24522197E-03
 -0.40571338E+01 0.18502732E+02 0.36427742E-01 0.15022231E-02 0.24685051E-03
 -0.40454691E+01 0.18598033E+02 0.36344379E-01 0.15423788E-02 0.24794897E-03
 -0.40338938E+01 0.18708375E+02 0.35352236E-01 0.17343808E-02 0.24851232E-03
 -0.40223043E+01 0.18806162E+02 0.35260603E-01 0.17607533E-02 0.24892569E-03
 -0.40107414E+01 0.18905286E+02 0.34830955E-01 0.18769714E-02 0.25105775E-03
 -0.39991832E+01 0.19007699E+02 0.34660126E-01 0.18644583E-02 0.24925369E-03
 -0.39876056E+01 0.19093555E+02 0.35475439E-01 0.16978857E-02 0.24727953E-03
 -0.39760726E+01 0.19193223E+02 0.34973952E-01 0.18043180E-02 0.24691220E-03
 -0.39645397E+01 0.19298437E+02 0.34293129E-01 0.19018756E-02 0.24544696E-03
 -0.39530288E+01 0.19406623E+02 0.33425677E-01 0.20192312E-02 0.24624917E-03
 -0.39414907E+01 0.19499604E+02 0.33451606E-01 0.20015169E-02 0.24658517E-03
 -0.39299363E+01 0.19593411E+02 0.33662183E-01 0.19109710E-02 0.24687098E-03
 -0.39183157E+01 0.19666097E+02 0.35023183E-01 0.16289175E-02 0.24559238E-03
 -0.39067610E+01 0.19766555E+02 0.34404819E-01 0.17342106E-02 0.24681629E-03
 -0.38951935E+01 0.19868442E+02 0.33730594E-01 0.18355666E-02 0.24590157E-03
 -0.38836348E+01 0.19970209E+02 0.33102597E-01 0.19011346E-02 0.24334676E-03
 -0.38720919E+01 0.20083603E+02 0.31589993E-01 0.21371113E-02 0.24203076E-03
 -0.38604342E+01 0.20156998E+02 0.32485980E-01 0.19958350E-02 0.24513392E-03
 -0.38487796E+01 0.20244203E+02 0.32630526E-01 0.19438401E-02 0.24695049E-03
 -0.38371743E+01 0.20347934E+02 0.31825260E-01 0.20177033E-02 0.24498974E-03
 -0.38255288E+01 0.20447228E+02 0.31080940E-01 0.21023613E-02 0.24795686E-03
 -0.38138738E+01 0.20545814E+02 0.30373330E-01 0.21852443E-02 0.24961913E-03
 -0.38021133E+01 0.20622690E+02 0.30948566E-01 0.20590624E-02 0.24792254E-03
 -0.37903557E+01 0.20703035E+02 0.31506142E-01 0.19242872E-02 0.25025428E-03
 -0.37785331E+01 0.20765530E+02 0.33721059E-01 0.14357905E-02 0.24756974E-03
 -0.37667184E+01 0.20860380E+02 0.32922665E-01 0.15760139E-02 0.24929753E-03
 -0.37549410E+01 0.20963828E+02 0.31483047E-01 0.18426450E-02 0.24688759E-03
 -0.37430199E+01 0.21042298E+02 0.31701089E-01 0.18162422E-02 0.24663958E-03
 -0.37310583E+01 0.21115263E+02 0.32528248E-01 0.16249799E-02 0.24834301E-03
 -0.37191533E+01 0.21217012E+02 0.31322923E-01 0.18062967E-02 0.24752773E-03
 -0.37071478E+01 0.21301900E+02 0.31311446E-01 0.17717783E-02 0.24877133E-03
 -0.36950570E+01 0.21377141E+02 0.31900344E-01 0.16175943E-02 0.24799623E-03
 -0.36829288E+01 0.21452827E+02 0.32440805E-01 0.14776967E-02 0.25167182E-03
 -0.36707767E+01 0.21540893E+02 0.32143722E-01 0.14594974E-02 0.25543148E-03
 -0.36585769E+01 0.21619972E+02 0.32437395E-01 0.13536498E-02 0.25345501E-03
 -0.36462797E+01 0.21690099E+02 0.33181812E-01 0.11991649E-02 0.25610355E-03
 -0.36339461E+01 0.21775778E+02 0.32568656E-01 0.13094198E-02 0.25678079E-03
 -0.36216074E+01 0.21867169E+02 0.32022295E-01 0.13408269E-02 0.26001884E-03
 -0.36091118E+01 0.21942499E+02 0.31989254E-01 0.13548338E-02 0.25805279E-03
 -0.35965407E+01 0.22005508E+02 0.33045112E-01 0.11317757E-02 0.26058593E-03
 -0.35839836E+01 0.22080661E+02 0.33334882E-01 0.10626253E-02 0.26268715E-03
 -0.35713155E+01 0.22145890E+02 0.34497677E-01 0.77143022E-03 0.26218911E-03
 -0.35585239E+01 0.22204845E+02 0.35800836E-01 0.50274946E-03 0.26182796E-03
 -0.35457280E+01 0.22295054E+02 0.35084254E-01 0.59190106E-03 0.26605747E-03
 -0.35328212E+01 0.22361144E+02 0.35809019E-01 0.43655193E-03 0.26458693E-03
 -0.35198278E+01 0.22430725E+02 0.36305728E-01 0.32362929E-03 0.26138320E-03
 -0.35067980E+01 0.22511955E+02 0.36151435E-01 0.31651757E-03 0.26111875E-03
 -0.34936962E+01 0.22608992E+02 0.34848213E-01 0.52334861E-03 0.26052977E-03
 -0.34804615E+01 0.22693250E+02 0.34486572E-01 0.53294652E-03 0.26301888E-03
 -0.34671474E+01 0.22764765E+02 0.35089017E-01 0.37904108E-03 0.26355785E-03
 -0.34537330E+01 0.22850901E+02 0.34971085E-01 0.30582937E-03 0.26266302E-03
 -0.34401392E+01 0.22915841E+02 0.35860619E-01 0.94707971E-04 0.26526236E-03
 -0.34265471E+01 0.23014336E+02 0.34432182E-01 0.33259653E-03 0.26882103E-03
 -0.34127911E+01 0.23100770E+02 0.34011901E-01 0.30994993E-03 0.27250113E-03
 -0.33989780E+01 0.23200826E+02 0.32683452E-01 0.47806189E-03 0.27343154E-03
 -0.33849780E+01 0.23289295E+02 0.32300199E-01 0.46316687E-03 0.27458468E-03
 -0.33708205E+01 0.23374194E+02 0.31766050E-01 0.51544904E-03 0.27649501E-03
 -0.33564789E+01 0.23455272E+02 0.30931237E-01 0.68977612E-03 0.27895567E-03
 -0.33420500E+01 0.23535290E+02 0.30745027E-01 0.68239590E-03 0.27746081E-03
 -0.33274852E+01 0.23607748E+02 0.31203321E-01 0.54933399E-03 0.27571988E-03
 -0.33127391E+01 0.23680994E+02 0.31380714E-01 0.51592805E-03 0.27577881E-03
 -0.32978227E+01 0.23753473E+02 0.31825498E-01 0.37074247E-03 0.27558234E-03
 -0.32827624E+01 0.23832215E+02 0.31968064E-01 0.29548363E-03 0.27766110E-03
 -0.32676150E+01 0.23956505E+02 0.29150633E-01 0.70127750E-03 0.27827773E-03
 -0.32521946E+01 0.24051614E+02 0.28311499E-01 0.73050730E-03 0.27446568E-03
 -0.32365938E+01 0.24122037E+02 0.29430404E-01 0.42082755E-03 0.27541675E-03
 -0.32207562E+01 0.24205262E+02 0.29205007E-01 0.39167402E-03 0.27745359E-03
 -0.32047791E+01 0.24303018E+02 0.28465986E-01 0.39676821E-03 0.28271444E-03
 -0.31884055E+01 0.24362574E+02 0.29994498E-01 0.18471566E-04 0.28492939E-03
 -0.31719103E+01 0.24448846E+02 0.29509542E-01 0.62307944E-04 0.28450112E-03
 -0.31551599E+01 0.24524207E+02 0.29856149E-01 -0.60486847E-04 0.28928508E-03
 -0.31380896E+01 0.24601721E+02 0.30051920E-01 -0.19035804E-03 0.28810512E-03
 -0.31208212E+01 0.24686715E+02 0.29803384E-01 -0.22281461E-03 0.29182333E-03
 -0.31032129E+01 0.24774364E+02 0.28963468E-01 -0.96044485E-04 0.29104478E-03
 -0.30852983E+01 0.24850816E+02 0.29286090E-01 -0.22318745E-03 0.29470643E-03
 -0.30669869E+01 0.24926362E+02 0.29303637E-01 -0.28057575E-03 0.29890398E-03
 -0.30484876E+01 0.25019945E+02 0.28895709E-01 -0.34103338E-03 0.30064309E-03
 -0.30295449E+01 0.25085651E+02 0.30097406E-01 -0.62976880E-03 0.30441178E-03
 -0.30103235E+01 0.25199449E+02 0.27466824E-01 -0.14465850E-03 0.30485702E-03
 -0.29907848E+01 0.25328446E+02 0.24365392E-01 0.33397721E-03 0.30662087E-03
 -0.29706978E+01 0.25399126E+02 0.26486828E-01 -0.25848066E-03 0.30733829E-03
 -0.29501532E+01 0.25503343E+02 0.24625437E-01 0.49051990E-04 0.31051645E-03
 -0.29291735E+01 0.25605392E+02 0.23331441E-01 0.22247231E-03 0.30697402E-03
 -0.29076634E+01 0.25694407E+02 0.22949436E-01 0.25889815E-03 0.30937281E-03
 -0.28855248E+01 0.25792340E+02 0.22144716E-01 0.33470145E-03 0.31557948E-03
 -0.28628033E+01 0.25899608E+02 0.20911875E-01 0.42787931E-03 0.31626919E-03
 -0.28394342E+01 0.26006259E+02 0.20096372E-01 0.40086871E-03 0.32386250E-03
 -0.28152118E+01 0.26045097E+02 0.23696097E-01 -0.37657400E-03 0.33130974E-03
 -0.27905263E+01 0.26183852E+02 0.21597503E-01 -0.24411293E-03 0.33377840E-03
 -0.27650543E+01 0.26325703E+02 0.18859430E-01 0.69906040E-04 0.33597048E-03
 -0.27386277E+01 0.26451691E+02 0.16637921E-01 0.38129762E-03 0.33961814E-03
 -0.27111109E+01 0.26574635E+02 0.14200417E-01 0.77440872E-03 0.34275219E-03
 -0.26825822E+01 0.26657706E+02 0.15530903E-01 0.44387179E-03 0.34689818E-03
 -0.26527466E+01 0.26731497E+02 0.17123774E-01 0.15444110E-04 0.34810113E-03
 -0.26217573E+01 0.26856000E+02 0.16112166E-01 0.57577940E-05 0.36490525E-03
 -0.25894149E+01 0.27008196E+02 0.12822852E-01 0.51579131E-03 0.37826848E-03
 -0.25555467E+01 0.27205996E+02 0.63504053E-02 0.15551776E-02 0.38171677E-03
 -0.25196671E+01 0.27337362E+02 0.49411191E-02 0.16950384E-02 0.38312798E-03
 -0.24814995E+01 0.27458103E+02 0.34831533E-02 0.19589340E-02 0.39292771E-03
 -0.24411549E+01 0.27638144E+02 -0.18105669E-03 0.23565943E-02 0.40931107E-03
 -0.23977735E+01 0.27778187E+02 -0.15305612E-02 0.24111655E-02 0.42535492E-03
 -0.23509420E+01 0.27882157E+02 -0.11838499E-02 0.23236792E-02 0.43853613E-03
 -0.23003309E+01 0.28039177E+02 -0.22992064E-02 0.23135076E-02 0.45543445E-03
 -0.22444948E+01 0.28104816E+02 0.27851076E-02 0.11204276E-02 0.47151260E-03
 -0.21825594E+01 0.28163281E+02 0.80083535E-02 0.11790616E-03 0.49342145E-03
 -0.21127292E+01 0.28300819E+02 0.94558011E-02 -0.43390081E-03 0.51701640E-03
 -0.20326388E+01 0.28504888E+02 0.93407406E-02 -0.76902797E-03 0.55393286E-03
 -0.19370316E+01 0.28801856E+02 0.11673233E-03 0.95083118E-03 0.60861643E-03
 -0.18176889E+01 0.29021831E+02 -0.59716743E-03 0.99996073E-03 0.68848448E-03
 -0.16573438E+01 0.29571015E+02 -0.18162892E-01 0.40466799E-02 0.80610182E-03
 -0.16168521E+01 0.29738846E+02 -0.25632895E-01 0.54683428E-02 0.83548674E-03
 -0.15720645E+01 0.29801465E+02 -0.25600106E-01 0.55818252E-02 0.86191903E-03
 -0.15218887E+01 0.29871031E+02 -0.26228699E-01 0.61240147E-02 0.91682544E-03
 -0.14639855E+01 0.29741896E+02 -0.14940472E-01 0.46524811E-02 0.98988413E-03
 -0.13975841E+01 0.30028938E+02 -0.29499321E-01 0.74168121E-02 0.10775558E-02
 -0.13181047E+01 0.30297378E+02 -0.42829869E-01 0.10490496E-01 0.11784289E-02
 -0.12187962E+01 0.31093185E+02 -0.86381032E-01 0.18658980E-01 0.13294594E-02
 -0.10814563E+01 0.31242855E+02 -0.85627855E-01 0.19913195E-01 0.15653434E-02
 -0.85850635E+00 0.32056616E+02 -0.11421300E+00 0.26139721E-01 0.21307118E-02
 -0.64299279E+00 0.31758984E+02 -0.78931602E-01 0.23207463E-01 0.28175901E-02
 -0.36970768E+00 0.31485924E+02 -0.56678847E-01 0.26910309E-01 0.38090347E-02
 -0.17713902E+00 0.32083941E+02 -0.10315672E+00 0.43433297E-01 0.55631583E-02
